1.00000000000000
0.99999497262411
0.99973982059481
0.99784286144895
0.99743894963586
0.99515295845848
0.99379429613548
0.99012091864329
0.98937411202548
0.98717838530384
0.98508320453292
0.98300033496102
0.98109226036546
0.97551071633843
0.97315582459358
0.97140893668860
0.96864847301032
0.96206725025272
0.95991676439326
0.95258878432193
0.95135402149504
0.94665377441670
0.94396340711387
0.93805899310210
0.93563881389792
0.93289772406680
0.93111129281438
0.92819676104949
0.92305048469986
0.91854612070297
0.91244992231313
0.90615711705861
0.90173416859566
0.89742876468152
0.89312136803492
0.89184704084120
0.88917566899031
0.88469140735212
0.88370389431595
0.87327158366336
0.86813487865003
0.86287254348112
0.85868793872370
0.85530841888393
0.85091648525764
0.84942634881051
0.84594785974796
0.84118839127701
0.83481297520873
0.83158917553246
0.82619864864368
0.82302889729597
0.82019472243735
0.81394611937287
0.81258633442206
0.80448153359736
0.80133390556252
0.79661615400867
0.79084851075288
0.78382064697323
0.77282673659290
0.77148242725901
0.76854915811602
0.76508258490917
0.76217467878316
0.75848846772898
0.75056294079256
0.74783697724130
0.74626920489363
0.74336130271703
0.73664153351474
0.73281446068707
0.72663915352786
0.72374294695979
0.72092187332750
0.71865614241986
0.71251996464836
0.70691512462826
0.70545813227247
0.70310751091222
0.69877809653447
0.69651044555441
0.69435257712927
0.69350444795238
0.68890706077387
0.68480017131162
0.67712020866336
0.67287529679658
0.66813756882054
0.66463328620623
0.65851901438255
0.65495335023655
0.65460107288170
0.64353998466430
0.64051528164791
0.63463689566353
0.62851009568754
0.62551921713110
0.62322915774153
0.61953116723248
0.61473165426129
0.61248544317091
0.60940312045675
0.60120473714127
0.60012664360489
0.59149349077756
0.58960152889711
0.58719931538198
0.58542427123334
0.58064477352598
0.57609108226805
0.57427537579773
0.56731278736954
0.56534778457439
0.56340615608890
0.55794751122213
0.55433776277659
0.54849584115513
0.54644707137082
0.54582215977179
0.54271112805070
0.54115988383532
0.53514743624023
0.53236308908447
0.52994242892835
0.52633381620957
0.52350745367499
0.52126836181251
0.51720140193684
0.50953675455604
0.50804384529907
0.50510510012467
0.50118600227639
0.49991377840313
0.49748101870781
0.49284680404011
0.48999016045319
0.48827725174241
0.48379825829613
0.48224090689766
0.48011207291094
0.47464301943110
0.47318788064944
0.46886640692715
0.46860398376528
0.46647790326062
0.46389137305170
0.46172226450250
0.45944246122380
0.45315219561416
0.45195884996569
0.44939682767142
0.44572365845083
0.44400661295954
0.44063346414378
0.43511571226812
0.43389471472114
0.43263980468320
0.43149149529472
0.42522403396088
0.42254780499757
0.42073199286978
0.41834527732108
0.41618608782552
0.41301060774993
0.41191574263820
0.40922422520297
0.40686183831755
0.40557928650609
0.40408856800035
0.40011894522165
0.39855453332178
0.39317430924991
0.39007959332736
0.38813432522303
0.38490846993242
0.37839478191228
0.37737384064971
0.37406393863866
0.37220383201357
0.37156775220647
0.36433633894426
0.36053952744349
0.35093749174039
0.34647422409085
0.33802466724408
0.33264862788299
0.31726215744972
0.30722085774222
0.30228912579349
0.29963695007236
0.29402124803253
0.28952059240514
0.28602878198110
0.28181865732589
0.27938481378714
0.27124348332505
0.26337282102890
0.25847599884535
0.25256128844612
0.25108942491737
0.24780492457820
0.24507706214420
0.23918731666277
0.23634787825379
0.22822989568403
0.22372105524410
0.22117626966394
0.21705830184178
0.21393875856445
0.20591429454681
0.20386074162527
0.19871800346710
0.19300064605132
0.18604548788063
0.18154373382560
0.17956595460912
0.17545848239011
0.16662078788959
0.16456662171668
0.15899606981247
0.15126995518339
0.14653761661815
0.14202429463886
0.13898490015219
0.13661268141338
0.13449586905847
0.12506380479524
0.12207241889511
0.11472921775996
0.10948250416953
0.10045419299630
0.09777626282559
0.09712046102566
0.09472346183034
0.09050065367697
0.08742144159684
0.08455030565304
0.07557035393144
0.07351324510017
0.07026963842018
0.06684037863123
0.05901613322297
0.05614218343561
0.05218322407492
0.04679157838646
0.04271665493407
0.03858541025216
0.03786212827279
0.03309902445176
0.02993197904560
0.02926527401053
0.02509745107899
0.02193506255053
0.02082518477861
0.01741764643659
0.01609221390200
0.01120104718937
0.00890861700577
0.00440235511455
0.00312889770124
0.00039365620763
0.00003611461409
0.00000059401078
0.00000004025331
0.00000000243511
0.00000000025388
0.00000000001230
0.00000000000218
