1.00000000000000 1.00000000000000
2.31034482758621 2.37931034482759
1.82758620689655 2.58620689655172
1.89655172413793 2.37931034482759
1.75862068965517 2.79310344827586
1.68965517241379 3.00000000000000
1.96551724137931 2.17241379310345
1.82758620689655 2.86206896551724
1.89655172413793 2.44827586206896
2.03448275862069 2.17241379310345
2.03448275862069 2.24137931034483
1.96551724137931 2.44827586206896
1.75862068965517 2.86206896551724
1.82758620689655 2.72413793103448
1.96551724137931 2.37931034482759
1.96551724137931 2.24137931034483
1.96551724137931 2.72413793103448
1.82758620689655 2.24137931034483
1.62068965517241 2.58620689655172
1.89655172413793 2.51724137931035
1.82758620689655 2.37931034482759
1.75862068965517 2.93103448275862
1.96551724137931 2.86206896551724
1.68965517241379 2.44827586206896
1.75862068965517 2.58620689655172
1.89655172413793 2.10344827586207
1.68965517241379 2.65517241379310
1.75862068965517 2.44827586206896
1.68965517241379 2.37931034482759
1.96551724137931 1.96551724137931
1.75862068965517 2.24137931034483
1.82758620689655 2.65517241379310
2.03448275862069 2.72413793103448
2.17241379310345 2.72413793103448
1.82758620689655 2.51724137931035
1.89655172413793 2.86206896551724
1.75862068965517 3.00000000000000
1.68965517241379 2.93103448275862
1.96551724137931 2.93103448275862
1.82758620689655 2.31034482758621
1.68965517241379 2.31034482758621
1.89655172413793 2.24137931034483
1.82758620689655 2.79310344827586
1.89655172413793 3.00000000000000
2.03448275862069 2.93103448275862
2.10344827586207 2.65517241379310
2.10344827586207 2.93103448275862
1.75862068965517 2.31034482758621
2.17241379310345 2.79310344827586
2.44827586206896 2.58620689655172
2.17241379310345 2.37931034482759
1.89655172413793 2.79310344827586
2.17241379310345 3.00000000000000
1.75862068965517 2.17241379310345
1.55172413793103 2.31034482758621
1.48275862068966 2.44827586206896
1.89655172413793 2.31034482758621
2.31034482758621 2.51724137931035
2.17241379310345 2.86206896551724
2.31034482758621 2.93103448275862
1.62068965517241 2.17241379310345
1.41379310344828 2.58620689655172
1.82758620689655 1.89655172413793
1.62068965517241 2.10344827586207
1.62068965517241 2.37931034482759
1.82758620689655 2.03448275862069
1.68965517241379 2.24137931034483
1.75862068965517 1.82758620689655
1.68965517241379 1.96551724137931
1.55172413793103 2.17241379310345
1.82758620689655 2.17241379310345
1.55172413793103 2.10344827586207
2.51724137931035 2.79310344827586
2.37931034482759 2.79310344827586
2.10344827586207 2.86206896551724
2.24137931034483 2.86206896551724
1.55172413793103 2.72413793103448
2.44827586206896 2.93103448275862
1.68965517241379 2.03448275862069
1.27586206896552 2.93103448275862
1.68965517241379 2.10344827586207
1.82758620689655 1.82758620689655
1.62068965517241 1.89655172413793
1.55172413793103 2.03448275862069
1.62068965517241 2.03448275862069
1.48275862068966 1.82758620689655
2.51724137931035 3.00000000000000
3.00000000000000 3.00000000000000
1.27586206896552 2.17241379310345
1.48275862068966 2.10344827586207
2.65517241379310 3.00000000000000
2.58620689655172 2.65517241379310
1.68965517241379 1.75862068965517
2.65517241379310 2.93103448275862
1.55172413793103 1.96551724137931
2.10344827586207 2.79310344827586
1.62068965517241 1.96551724137931
1.75862068965517 1.75862068965517
1.34482758620690 2.17241379310345
1.27586206896552 1.89655172413793
2.51724137931035 2.93103448275862
1.41379310344828 2.03448275862069
2.79310344827586 3.00000000000000
1.13793103448276 2.03448275862069
1.55172413793103 1.68965517241379
1.48275862068966 2.03448275862069
1.41379310344828 1.89655172413793
1.55172413793103 1.62068965517241
2.93103448275862 2.93103448275862
1.06896551724138 1.82758620689655
1.41379310344828 1.96551724137931
2.72413793103448 3.00000000000000
1.55172413793103 1.82758620689655
1.13793103448276 2.10344827586207
2.31034482758621 3.00000000000000
1.34482758620690 1.89655172413793
1.13793103448276 1.96551724137931
1.20689655172414 1.48275862068966
1.20689655172414 1.89655172413793
1.06896551724138 2.03448275862069
1.13793103448276 1.82758620689655
1.41379310344828 1.82758620689655
1.34482758620690 2.03448275862069
1.55172413793103 1.89655172413793
1.06896551724138 1.75862068965517
1.13793103448276 1.20689655172414
1.41379310344828 1.75862068965517
1.68965517241379 1.68965517241379
1.13793103448276 1.75862068965517
1.48275862068966 1.75862068965517
1.20689655172414 1.68965517241379
1.34482758620690 1.82758620689655
1.48275862068966 1.89655172413793
1.34482758620690 1.41379310344828
1.20689655172414 1.96551724137931
1.27586206896552 1.75862068965517
1.00000000000000 1.68965517241379
1.27586206896552 1.82758620689655
1.00000000000000 1.82758620689655
1.75862068965517 1.96551724137931
1.13793103448276 1.68965517241379
1.20689655172414 1.75862068965517
1.27586206896552 1.34482758620690
1.41379310344828 1.55172413793103
1.00000000000000 1.41379310344828
1.13793103448276 1.41379310344828
1.13793103448276 1.55172413793103
1.27586206896552 1.55172413793103
1.41379310344828 1.48275862068966
1.00000000000000 2.17241379310345
1.13793103448276 1.62068965517241
1.20689655172414 1.62068965517241
1.20689655172414 1.27586206896552
1.00000000000000 1.48275862068966
1.06896551724138 1.34482758620690
1.06896551724138 1.20689655172414
1.06896551724138 1.55172413793103
1.41379310344828 1.68965517241379
1.34482758620690 1.62068965517241
1.20689655172414 2.03448275862069
1.27586206896552 1.27586206896552
1.06896551724138 1.48275862068966
1.13793103448276 1.34482758620690
1.06896551724138 1.68965517241379
1.27586206896552 1.48275862068966
1.34482758620690 1.96551724137931
1.06896551724138 1.96551724137931
1.06896551724138 1.89655172413793
1.00000000000000 1.34482758620690
1.00000000000000 1.27586206896552
1.00000000000000 1.13793103448276
1.06896551724138 1.62068965517241
1.27586206896552 1.96551724137931
1.20689655172414 1.20689655172414
1.00000000000000 1.20689655172414
1.06896551724138 1.27586206896552
1.06896551724138 1.13793103448276
1.06896551724138 1.41379310344828
1.27586206896552 2.31034482758621
1.34482758620690 2.24137931034483
1.00000000000000 1.06896551724138
2.93103448275862 3.00000000000000
1.20689655172414 1.41379310344828
1.00000000000000 1.75862068965517
1.75862068965517 2.10344827586207
1.06896551724138 1.06896551724138
1.62068965517241 2.31034482758621
2.10344827586207 2.58620689655172
1.00000000000000 1.89655172413793
1.13793103448276 1.13793103448276
1.13793103448276 2.58620689655172
2.03448275862069 2.03448275862069
1.20689655172414 1.34482758620690
1.34482758620690 1.68965517241379
1.06896551724138 2.44827586206896
1.41379310344828 2.31034482758621
1.27586206896552 2.10344827586207
2.10344827586207 2.31034482758621
1.27586206896552 2.79310344827586
2.65517241379310 2.79310344827586
1.13793103448276 1.48275862068966
1.13793103448276 1.27586206896552
1.27586206896552 1.68965517241379
2.24137931034483 3.00000000000000
2.65517241379310 2.72413793103448
1.13793103448276 2.72413793103448
1.13793103448276 2.44827586206896
1.00000000000000 2.24137931034483
1.00000000000000 2.58620689655172
1.48275862068966 1.55172413793103
1.41379310344828 1.41379310344828
1.68965517241379 1.89655172413793
1.41379310344828 2.10344827586207
1.48275862068966 2.58620689655172
2.17241379310345 2.44827586206896
2.24137931034483 2.93103448275862
1.00000000000000 2.44827586206896
1.82758620689655 1.96551724137931
1.00000000000000 2.37931034482759
2.65517241379310 2.86206896551724
2.17241379310345 2.51724137931035
1.00000000000000 2.31034482758621
1.06896551724138 2.58620689655172
1.20689655172414 2.86206896551724
1.27586206896552 2.51724137931035
2.24137931034483 2.79310344827586
1.41379310344828 2.51724137931035
1.06896551724138 2.31034482758621
1.55172413793103 2.37931034482759
1.41379310344828 2.44827586206896
2.31034482758621 2.79310344827586
2.24137931034483 2.58620689655172
1.00000000000000 1.55172413793103
2.03448275862069 2.44827586206896
1.27586206896552 1.41379310344828
2.44827586206896 2.86206896551724
2.31034482758621 2.58620689655172
2.17241379310345 2.17241379310345
2.31034482758621 2.72413793103448
1.34482758620690 1.55172413793103
2.31034482758621 2.86206896551724
1.13793103448276 2.93103448275862
2.10344827586207 2.44827586206896
2.10344827586207 2.72413793103448
1.20689655172414 2.24137931034483
2.03448275862069 3.00000000000000
1.06896551724138 2.51724137931035
1.27586206896552 1.62068965517241
1.13793103448276 1.89655172413793
1.00000000000000 1.62068965517241
1.06896551724138 2.65517241379310
1.48275862068966 1.48275862068966
1.20689655172414 1.55172413793103
2.17241379310345 2.65517241379310
1.34482758620690 1.34482758620690
1.41379310344828 2.17241379310345
1.13793103448276 2.37931034482759
1.96551724137931 2.51724137931035
1.20689655172414 2.65517241379310
1.62068965517241 2.79310344827586
1.00000000000000 1.96551724137931
1.00000000000000 2.93103448275862
1.06896551724138 2.93103448275862
2.44827586206896 3.00000000000000
1.41379310344828 2.93103448275862
2.86206896551724 2.86206896551724
1.34482758620690 1.48275862068966
1.06896551724138 3.00000000000000
2.86206896551724 3.00000000000000
