1.000000000000000e+00 1.000000000000000e+00
1.000000000000000e+00 1.068965517241379e+00
1.000000000000000e+00 1.137931034482759e+00
1.000000000000000e+00 1.206896551724138e+00
1.000000000000000e+00 1.275862068965517e+00
1.000000000000000e+00 1.344827586206897e+00
1.000000000000000e+00 1.413793103448276e+00
1.000000000000000e+00 1.482758620689655e+00
1.000000000000000e+00 1.551724137931034e+00
1.000000000000000e+00 1.620689655172414e+00
1.000000000000000e+00 1.689655172413793e+00
1.000000000000000e+00 1.758620689655172e+00
1.000000000000000e+00 1.827586206896552e+00
1.000000000000000e+00 1.896551724137931e+00
1.000000000000000e+00 1.965517241379310e+00
1.000000000000000e+00 2.034482758620690e+00
1.000000000000000e+00 2.103448275862069e+00
1.000000000000000e+00 2.172413793103448e+00
1.000000000000000e+00 2.241379310344827e+00
1.000000000000000e+00 2.310344827586207e+00
1.000000000000000e+00 2.379310344827586e+00
1.000000000000000e+00 2.448275862068965e+00
1.000000000000000e+00 2.517241379310345e+00
1.000000000000000e+00 2.586206896551724e+00
1.000000000000000e+00 2.655172413793103e+00
1.000000000000000e+00 2.724137931034483e+00
1.000000000000000e+00 2.793103448275862e+00
1.000000000000000e+00 2.862068965517242e+00
1.000000000000000e+00 2.931034482758621e+00
1.000000000000000e+00 3.000000000000000e+00
1.068965517241379e+00 1.000000000000000e+00
1.068965517241379e+00 1.068965517241379e+00
1.068965517241379e+00 1.137931034482759e+00
1.068965517241379e+00 1.206896551724138e+00
1.068965517241379e+00 1.275862068965517e+00
1.068965517241379e+00 1.344827586206897e+00
1.068965517241379e+00 1.413793103448276e+00
1.068965517241379e+00 1.482758620689655e+00
1.068965517241379e+00 1.551724137931034e+00
1.068965517241379e+00 1.620689655172414e+00
1.068965517241379e+00 1.689655172413793e+00
1.068965517241379e+00 1.758620689655172e+00
1.068965517241379e+00 1.827586206896552e+00
1.068965517241379e+00 1.896551724137931e+00
1.068965517241379e+00 1.965517241379310e+00
1.068965517241379e+00 2.034482758620690e+00
1.068965517241379e+00 2.103448275862069e+00
1.068965517241379e+00 2.172413793103448e+00
1.068965517241379e+00 2.241379310344827e+00
1.068965517241379e+00 2.310344827586207e+00
1.068965517241379e+00 2.379310344827586e+00
1.068965517241379e+00 2.448275862068965e+00
1.068965517241379e+00 2.517241379310345e+00
1.068965517241379e+00 2.586206896551724e+00
1.068965517241379e+00 2.655172413793103e+00
1.068965517241379e+00 2.724137931034483e+00
1.068965517241379e+00 2.793103448275862e+00
1.068965517241379e+00 2.862068965517242e+00
1.068965517241379e+00 2.931034482758621e+00
1.068965517241379e+00 3.000000000000000e+00
1.137931034482759e+00 1.000000000000000e+00
1.137931034482759e+00 1.068965517241379e+00
1.137931034482759e+00 1.137931034482759e+00
1.137931034482759e+00 1.206896551724138e+00
1.137931034482759e+00 1.275862068965517e+00
1.137931034482759e+00 1.344827586206897e+00
1.137931034482759e+00 1.413793103448276e+00
1.137931034482759e+00 1.482758620689655e+00
1.137931034482759e+00 1.551724137931034e+00
1.137931034482759e+00 1.620689655172414e+00
1.137931034482759e+00 1.689655172413793e+00
1.137931034482759e+00 1.758620689655172e+00
1.137931034482759e+00 1.827586206896552e+00
1.137931034482759e+00 1.896551724137931e+00
1.137931034482759e+00 1.965517241379310e+00
1.137931034482759e+00 2.034482758620690e+00
1.137931034482759e+00 2.103448275862069e+00
1.137931034482759e+00 2.172413793103448e+00
1.137931034482759e+00 2.241379310344827e+00
1.137931034482759e+00 2.310344827586207e+00
1.137931034482759e+00 2.379310344827586e+00
1.137931034482759e+00 2.448275862068965e+00
1.137931034482759e+00 2.517241379310345e+00
1.137931034482759e+00 2.586206896551724e+00
1.137931034482759e+00 2.655172413793103e+00
1.137931034482759e+00 2.724137931034483e+00
1.137931034482759e+00 2.793103448275862e+00
1.137931034482759e+00 2.862068965517242e+00
1.137931034482759e+00 2.931034482758621e+00
1.137931034482759e+00 3.000000000000000e+00
1.206896551724138e+00 1.000000000000000e+00
1.206896551724138e+00 1.068965517241379e+00
1.206896551724138e+00 1.137931034482759e+00
1.206896551724138e+00 1.206896551724138e+00
1.206896551724138e+00 1.275862068965517e+00
1.206896551724138e+00 1.344827586206897e+00
1.206896551724138e+00 1.413793103448276e+00
1.206896551724138e+00 1.482758620689655e+00
1.206896551724138e+00 1.551724137931034e+00
1.206896551724138e+00 1.620689655172414e+00
1.206896551724138e+00 1.689655172413793e+00
1.206896551724138e+00 1.758620689655172e+00
1.206896551724138e+00 1.827586206896552e+00
1.206896551724138e+00 1.896551724137931e+00
1.206896551724138e+00 1.965517241379310e+00
1.206896551724138e+00 2.034482758620690e+00
1.206896551724138e+00 2.103448275862069e+00
1.206896551724138e+00 2.172413793103448e+00
1.206896551724138e+00 2.241379310344827e+00
1.206896551724138e+00 2.310344827586207e+00
1.206896551724138e+00 2.379310344827586e+00
1.206896551724138e+00 2.448275862068965e+00
1.206896551724138e+00 2.517241379310345e+00
1.206896551724138e+00 2.586206896551724e+00
1.206896551724138e+00 2.655172413793103e+00
1.206896551724138e+00 2.724137931034483e+00
1.206896551724138e+00 2.793103448275862e+00
1.206896551724138e+00 2.862068965517242e+00
1.206896551724138e+00 2.931034482758621e+00
1.206896551724138e+00 3.000000000000000e+00
1.275862068965517e+00 1.000000000000000e+00
1.275862068965517e+00 1.068965517241379e+00
1.275862068965517e+00 1.137931034482759e+00
1.275862068965517e+00 1.206896551724138e+00
1.275862068965517e+00 1.275862068965517e+00
1.275862068965517e+00 1.344827586206897e+00
1.275862068965517e+00 1.413793103448276e+00
1.275862068965517e+00 1.482758620689655e+00
1.275862068965517e+00 1.551724137931034e+00
1.275862068965517e+00 1.620689655172414e+00
1.275862068965517e+00 1.689655172413793e+00
1.275862068965517e+00 1.758620689655172e+00
1.275862068965517e+00 1.827586206896552e+00
1.275862068965517e+00 1.896551724137931e+00
1.275862068965517e+00 1.965517241379310e+00
1.275862068965517e+00 2.034482758620690e+00
1.275862068965517e+00 2.103448275862069e+00
1.275862068965517e+00 2.172413793103448e+00
1.275862068965517e+00 2.241379310344827e+00
1.275862068965517e+00 2.310344827586207e+00
1.275862068965517e+00 2.379310344827586e+00
1.275862068965517e+00 2.448275862068965e+00
1.275862068965517e+00 2.517241379310345e+00
1.275862068965517e+00 2.586206896551724e+00
1.275862068965517e+00 2.655172413793103e+00
1.275862068965517e+00 2.724137931034483e+00
1.275862068965517e+00 2.793103448275862e+00
1.275862068965517e+00 2.862068965517242e+00
1.275862068965517e+00 2.931034482758621e+00
1.275862068965517e+00 3.000000000000000e+00
1.344827586206897e+00 1.000000000000000e+00
1.344827586206897e+00 1.068965517241379e+00
1.344827586206897e+00 1.137931034482759e+00
1.344827586206897e+00 1.206896551724138e+00
1.344827586206897e+00 1.275862068965517e+00
1.344827586206897e+00 1.344827586206897e+00
1.344827586206897e+00 1.413793103448276e+00
1.344827586206897e+00 1.482758620689655e+00
1.344827586206897e+00 1.551724137931034e+00
1.344827586206897e+00 1.620689655172414e+00
1.344827586206897e+00 1.689655172413793e+00
1.344827586206897e+00 1.758620689655172e+00
1.344827586206897e+00 1.827586206896552e+00
1.344827586206897e+00 1.896551724137931e+00
1.344827586206897e+00 1.965517241379310e+00
1.344827586206897e+00 2.034482758620690e+00
1.344827586206897e+00 2.103448275862069e+00
1.344827586206897e+00 2.172413793103448e+00
1.344827586206897e+00 2.241379310344827e+00
1.344827586206897e+00 2.310344827586207e+00
1.344827586206897e+00 2.379310344827586e+00
1.344827586206897e+00 2.448275862068965e+00
1.344827586206897e+00 2.517241379310345e+00
1.344827586206897e+00 2.586206896551724e+00
1.344827586206897e+00 2.655172413793103e+00
1.344827586206897e+00 2.724137931034483e+00
1.344827586206897e+00 2.793103448275862e+00
1.344827586206897e+00 2.862068965517242e+00
1.344827586206897e+00 2.931034482758621e+00
1.344827586206897e+00 3.000000000000000e+00
1.413793103448276e+00 1.000000000000000e+00
1.413793103448276e+00 1.068965517241379e+00
1.413793103448276e+00 1.137931034482759e+00
1.413793103448276e+00 1.206896551724138e+00
1.413793103448276e+00 1.275862068965517e+00
1.413793103448276e+00 1.344827586206897e+00
1.413793103448276e+00 1.413793103448276e+00
1.413793103448276e+00 1.482758620689655e+00
1.413793103448276e+00 1.551724137931034e+00
1.413793103448276e+00 1.620689655172414e+00
1.413793103448276e+00 1.689655172413793e+00
1.413793103448276e+00 1.758620689655172e+00
1.413793103448276e+00 1.827586206896552e+00
1.413793103448276e+00 1.896551724137931e+00
1.413793103448276e+00 1.965517241379310e+00
1.413793103448276e+00 2.034482758620690e+00
1.413793103448276e+00 2.103448275862069e+00
1.413793103448276e+00 2.172413793103448e+00
1.413793103448276e+00 2.241379310344827e+00
1.413793103448276e+00 2.310344827586207e+00
1.413793103448276e+00 2.379310344827586e+00
1.413793103448276e+00 2.448275862068965e+00
1.413793103448276e+00 2.517241379310345e+00
1.413793103448276e+00 2.586206896551724e+00
1.413793103448276e+00 2.655172413793103e+00
1.413793103448276e+00 2.724137931034483e+00
1.413793103448276e+00 2.793103448275862e+00
1.413793103448276e+00 2.862068965517242e+00
1.413793103448276e+00 2.931034482758621e+00
1.413793103448276e+00 3.000000000000000e+00
1.482758620689655e+00 1.000000000000000e+00
1.482758620689655e+00 1.068965517241379e+00
1.482758620689655e+00 1.137931034482759e+00
1.482758620689655e+00 1.206896551724138e+00
1.482758620689655e+00 1.275862068965517e+00
1.482758620689655e+00 1.344827586206897e+00
1.482758620689655e+00 1.413793103448276e+00
1.482758620689655e+00 1.482758620689655e+00
1.482758620689655e+00 1.551724137931034e+00
1.482758620689655e+00 1.620689655172414e+00
1.482758620689655e+00 1.689655172413793e+00
1.482758620689655e+00 1.758620689655172e+00
1.482758620689655e+00 1.827586206896552e+00
1.482758620689655e+00 1.896551724137931e+00
1.482758620689655e+00 1.965517241379310e+00
1.482758620689655e+00 2.034482758620690e+00
1.482758620689655e+00 2.103448275862069e+00
1.482758620689655e+00 2.172413793103448e+00
1.482758620689655e+00 2.241379310344827e+00
1.482758620689655e+00 2.310344827586207e+00
1.482758620689655e+00 2.379310344827586e+00
1.482758620689655e+00 2.448275862068965e+00
1.482758620689655e+00 2.517241379310345e+00
1.482758620689655e+00 2.586206896551724e+00
1.482758620689655e+00 2.655172413793103e+00
1.482758620689655e+00 2.724137931034483e+00
1.482758620689655e+00 2.793103448275862e+00
1.482758620689655e+00 2.862068965517242e+00
1.482758620689655e+00 2.931034482758621e+00
1.482758620689655e+00 3.000000000000000e+00
1.551724137931034e+00 1.000000000000000e+00
1.551724137931034e+00 1.068965517241379e+00
1.551724137931034e+00 1.137931034482759e+00
1.551724137931034e+00 1.206896551724138e+00
1.551724137931034e+00 1.275862068965517e+00
1.551724137931034e+00 1.344827586206897e+00
1.551724137931034e+00 1.413793103448276e+00
1.551724137931034e+00 1.482758620689655e+00
1.551724137931034e+00 1.551724137931034e+00
1.551724137931034e+00 1.620689655172414e+00
1.551724137931034e+00 1.689655172413793e+00
1.551724137931034e+00 1.758620689655172e+00
1.551724137931034e+00 1.827586206896552e+00
1.551724137931034e+00 1.896551724137931e+00
1.551724137931034e+00 1.965517241379310e+00
1.551724137931034e+00 2.034482758620690e+00
1.551724137931034e+00 2.103448275862069e+00
1.551724137931034e+00 2.172413793103448e+00
1.551724137931034e+00 2.241379310344827e+00
1.551724137931034e+00 2.310344827586207e+00
1.551724137931034e+00 2.379310344827586e+00
1.551724137931034e+00 2.448275862068965e+00
1.551724137931034e+00 2.517241379310345e+00
1.551724137931034e+00 2.586206896551724e+00
1.551724137931034e+00 2.655172413793103e+00
1.551724137931034e+00 2.724137931034483e+00
1.551724137931034e+00 2.793103448275862e+00
1.551724137931034e+00 2.862068965517242e+00
1.551724137931034e+00 2.931034482758621e+00
1.551724137931034e+00 3.000000000000000e+00
1.620689655172414e+00 1.000000000000000e+00
1.620689655172414e+00 1.068965517241379e+00
1.620689655172414e+00 1.137931034482759e+00
1.620689655172414e+00 1.206896551724138e+00
1.620689655172414e+00 1.275862068965517e+00
1.620689655172414e+00 1.344827586206897e+00
1.620689655172414e+00 1.413793103448276e+00
1.620689655172414e+00 1.482758620689655e+00
1.620689655172414e+00 1.551724137931034e+00
1.620689655172414e+00 1.620689655172414e+00
1.620689655172414e+00 1.689655172413793e+00
1.620689655172414e+00 1.758620689655172e+00
1.620689655172414e+00 1.827586206896552e+00
1.620689655172414e+00 1.896551724137931e+00
1.620689655172414e+00 1.965517241379310e+00
1.620689655172414e+00 2.034482758620690e+00
1.620689655172414e+00 2.103448275862069e+00
1.620689655172414e+00 2.172413793103448e+00
1.620689655172414e+00 2.241379310344827e+00
1.620689655172414e+00 2.310344827586207e+00
1.620689655172414e+00 2.379310344827586e+00
1.620689655172414e+00 2.448275862068965e+00
1.620689655172414e+00 2.517241379310345e+00
1.620689655172414e+00 2.586206896551724e+00
1.620689655172414e+00 2.655172413793103e+00
1.620689655172414e+00 2.724137931034483e+00
1.620689655172414e+00 2.793103448275862e+00
1.620689655172414e+00 2.862068965517242e+00
1.620689655172414e+00 2.931034482758621e+00
1.620689655172414e+00 3.000000000000000e+00
1.689655172413793e+00 1.000000000000000e+00
1.689655172413793e+00 1.068965517241379e+00
1.689655172413793e+00 1.137931034482759e+00
1.689655172413793e+00 1.206896551724138e+00
1.689655172413793e+00 1.275862068965517e+00
1.689655172413793e+00 1.344827586206897e+00
1.689655172413793e+00 1.413793103448276e+00
1.689655172413793e+00 1.482758620689655e+00
1.689655172413793e+00 1.551724137931034e+00
1.689655172413793e+00 1.620689655172414e+00
1.689655172413793e+00 1.689655172413793e+00
1.689655172413793e+00 1.758620689655172e+00
1.689655172413793e+00 1.827586206896552e+00
1.689655172413793e+00 1.896551724137931e+00
1.689655172413793e+00 1.965517241379310e+00
1.689655172413793e+00 2.034482758620690e+00
1.689655172413793e+00 2.103448275862069e+00
1.689655172413793e+00 2.172413793103448e+00
1.689655172413793e+00 2.241379310344827e+00
1.689655172413793e+00 2.310344827586207e+00
1.689655172413793e+00 2.379310344827586e+00
1.689655172413793e+00 2.448275862068965e+00
1.689655172413793e+00 2.517241379310345e+00
1.689655172413793e+00 2.586206896551724e+00
1.689655172413793e+00 2.655172413793103e+00
1.689655172413793e+00 2.724137931034483e+00
1.689655172413793e+00 2.793103448275862e+00
1.689655172413793e+00 2.862068965517242e+00
1.689655172413793e+00 2.931034482758621e+00
1.689655172413793e+00 3.000000000000000e+00
1.758620689655172e+00 1.000000000000000e+00
1.758620689655172e+00 1.068965517241379e+00
1.758620689655172e+00 1.137931034482759e+00
1.758620689655172e+00 1.206896551724138e+00
1.758620689655172e+00 1.275862068965517e+00
1.758620689655172e+00 1.344827586206897e+00
1.758620689655172e+00 1.413793103448276e+00
1.758620689655172e+00 1.482758620689655e+00
1.758620689655172e+00 1.551724137931034e+00
1.758620689655172e+00 1.620689655172414e+00
1.758620689655172e+00 1.689655172413793e+00
1.758620689655172e+00 1.758620689655172e+00
1.758620689655172e+00 1.827586206896552e+00
1.758620689655172e+00 1.896551724137931e+00
1.758620689655172e+00 1.965517241379310e+00
1.758620689655172e+00 2.034482758620690e+00
1.758620689655172e+00 2.103448275862069e+00
1.758620689655172e+00 2.172413793103448e+00
1.758620689655172e+00 2.241379310344827e+00
1.758620689655172e+00 2.310344827586207e+00
1.758620689655172e+00 2.379310344827586e+00
1.758620689655172e+00 2.448275862068965e+00
1.758620689655172e+00 2.517241379310345e+00
1.758620689655172e+00 2.586206896551724e+00
1.758620689655172e+00 2.655172413793103e+00
1.758620689655172e+00 2.724137931034483e+00
1.758620689655172e+00 2.793103448275862e+00
1.758620689655172e+00 2.862068965517242e+00
1.758620689655172e+00 2.931034482758621e+00
1.758620689655172e+00 3.000000000000000e+00
1.827586206896552e+00 1.000000000000000e+00
1.827586206896552e+00 1.068965517241379e+00
1.827586206896552e+00 1.137931034482759e+00
1.827586206896552e+00 1.206896551724138e+00
1.827586206896552e+00 1.275862068965517e+00
1.827586206896552e+00 1.344827586206897e+00
1.827586206896552e+00 1.413793103448276e+00
1.827586206896552e+00 1.482758620689655e+00
1.827586206896552e+00 1.551724137931034e+00
1.827586206896552e+00 1.620689655172414e+00
1.827586206896552e+00 1.689655172413793e+00
1.827586206896552e+00 1.758620689655172e+00
1.827586206896552e+00 1.827586206896552e+00
1.827586206896552e+00 1.896551724137931e+00
1.827586206896552e+00 1.965517241379310e+00
1.827586206896552e+00 2.034482758620690e+00
1.827586206896552e+00 2.103448275862069e+00
1.827586206896552e+00 2.172413793103448e+00
1.827586206896552e+00 2.241379310344827e+00
1.827586206896552e+00 2.310344827586207e+00
1.827586206896552e+00 2.379310344827586e+00
1.827586206896552e+00 2.448275862068965e+00
1.827586206896552e+00 2.517241379310345e+00
1.827586206896552e+00 2.586206896551724e+00
1.827586206896552e+00 2.655172413793103e+00
1.827586206896552e+00 2.724137931034483e+00
1.827586206896552e+00 2.793103448275862e+00
1.827586206896552e+00 2.862068965517242e+00
1.827586206896552e+00 2.931034482758621e+00
1.827586206896552e+00 3.000000000000000e+00
1.896551724137931e+00 1.000000000000000e+00
1.896551724137931e+00 1.068965517241379e+00
1.896551724137931e+00 1.137931034482759e+00
1.896551724137931e+00 1.206896551724138e+00
1.896551724137931e+00 1.275862068965517e+00
1.896551724137931e+00 1.344827586206897e+00
1.896551724137931e+00 1.413793103448276e+00
1.896551724137931e+00 1.482758620689655e+00
1.896551724137931e+00 1.551724137931034e+00
1.896551724137931e+00 1.620689655172414e+00
1.896551724137931e+00 1.689655172413793e+00
1.896551724137931e+00 1.758620689655172e+00
1.896551724137931e+00 1.827586206896552e+00
1.896551724137931e+00 1.896551724137931e+00
1.896551724137931e+00 1.965517241379310e+00
1.896551724137931e+00 2.034482758620690e+00
1.896551724137931e+00 2.103448275862069e+00
1.896551724137931e+00 2.172413793103448e+00
1.896551724137931e+00 2.241379310344827e+00
1.896551724137931e+00 2.310344827586207e+00
1.896551724137931e+00 2.379310344827586e+00
1.896551724137931e+00 2.448275862068965e+00
1.896551724137931e+00 2.517241379310345e+00
1.896551724137931e+00 2.586206896551724e+00
1.896551724137931e+00 2.655172413793103e+00
1.896551724137931e+00 2.724137931034483e+00
1.896551724137931e+00 2.793103448275862e+00
1.896551724137931e+00 2.862068965517242e+00
1.896551724137931e+00 2.931034482758621e+00
1.896551724137931e+00 3.000000000000000e+00
1.965517241379310e+00 1.000000000000000e+00
1.965517241379310e+00 1.068965517241379e+00
1.965517241379310e+00 1.137931034482759e+00
1.965517241379310e+00 1.206896551724138e+00
1.965517241379310e+00 1.275862068965517e+00
1.965517241379310e+00 1.344827586206897e+00
1.965517241379310e+00 1.413793103448276e+00
1.965517241379310e+00 1.482758620689655e+00
1.965517241379310e+00 1.551724137931034e+00
1.965517241379310e+00 1.620689655172414e+00
1.965517241379310e+00 1.689655172413793e+00
1.965517241379310e+00 1.758620689655172e+00
1.965517241379310e+00 1.827586206896552e+00
1.965517241379310e+00 1.896551724137931e+00
1.965517241379310e+00 1.965517241379310e+00
1.965517241379310e+00 2.034482758620690e+00
1.965517241379310e+00 2.103448275862069e+00
1.965517241379310e+00 2.172413793103448e+00
1.965517241379310e+00 2.241379310344827e+00
1.965517241379310e+00 2.310344827586207e+00
1.965517241379310e+00 2.379310344827586e+00
1.965517241379310e+00 2.448275862068965e+00
1.965517241379310e+00 2.517241379310345e+00
1.965517241379310e+00 2.586206896551724e+00
1.965517241379310e+00 2.655172413793103e+00
1.965517241379310e+00 2.724137931034483e+00
1.965517241379310e+00 2.793103448275862e+00
1.965517241379310e+00 2.862068965517242e+00
1.965517241379310e+00 2.931034482758621e+00
1.965517241379310e+00 3.000000000000000e+00
2.034482758620690e+00 1.000000000000000e+00
2.034482758620690e+00 1.068965517241379e+00
2.034482758620690e+00 1.137931034482759e+00
2.034482758620690e+00 1.206896551724138e+00
2.034482758620690e+00 1.275862068965517e+00
2.034482758620690e+00 1.344827586206897e+00
2.034482758620690e+00 1.413793103448276e+00
2.034482758620690e+00 1.482758620689655e+00
2.034482758620690e+00 1.551724137931034e+00
2.034482758620690e+00 1.620689655172414e+00
2.034482758620690e+00 1.689655172413793e+00
2.034482758620690e+00 1.758620689655172e+00
2.034482758620690e+00 1.827586206896552e+00
2.034482758620690e+00 1.896551724137931e+00
2.034482758620690e+00 1.965517241379310e+00
2.034482758620690e+00 2.034482758620690e+00
2.034482758620690e+00 2.103448275862069e+00
2.034482758620690e+00 2.172413793103448e+00
2.034482758620690e+00 2.241379310344827e+00
2.034482758620690e+00 2.310344827586207e+00
2.034482758620690e+00 2.379310344827586e+00
2.034482758620690e+00 2.448275862068965e+00
2.034482758620690e+00 2.517241379310345e+00
2.034482758620690e+00 2.586206896551724e+00
2.034482758620690e+00 2.655172413793103e+00
2.034482758620690e+00 2.724137931034483e+00
2.034482758620690e+00 2.793103448275862e+00
2.034482758620690e+00 2.862068965517242e+00
2.034482758620690e+00 2.931034482758621e+00
2.034482758620690e+00 3.000000000000000e+00
2.103448275862069e+00 1.000000000000000e+00
2.103448275862069e+00 1.068965517241379e+00
2.103448275862069e+00 1.137931034482759e+00
2.103448275862069e+00 1.206896551724138e+00
2.103448275862069e+00 1.275862068965517e+00
2.103448275862069e+00 1.344827586206897e+00
2.103448275862069e+00 1.413793103448276e+00
2.103448275862069e+00 1.482758620689655e+00
2.103448275862069e+00 1.551724137931034e+00
2.103448275862069e+00 1.620689655172414e+00
2.103448275862069e+00 1.689655172413793e+00
2.103448275862069e+00 1.758620689655172e+00
2.103448275862069e+00 1.827586206896552e+00
2.103448275862069e+00 1.896551724137931e+00
2.103448275862069e+00 1.965517241379310e+00
2.103448275862069e+00 2.034482758620690e+00
2.103448275862069e+00 2.103448275862069e+00
2.103448275862069e+00 2.172413793103448e+00
2.103448275862069e+00 2.241379310344827e+00
2.103448275862069e+00 2.310344827586207e+00
2.103448275862069e+00 2.379310344827586e+00
2.103448275862069e+00 2.448275862068965e+00
2.103448275862069e+00 2.517241379310345e+00
2.103448275862069e+00 2.586206896551724e+00
2.103448275862069e+00 2.655172413793103e+00
2.103448275862069e+00 2.724137931034483e+00
2.103448275862069e+00 2.793103448275862e+00
2.103448275862069e+00 2.862068965517242e+00
2.103448275862069e+00 2.931034482758621e+00
2.103448275862069e+00 3.000000000000000e+00
2.172413793103448e+00 1.000000000000000e+00
2.172413793103448e+00 1.068965517241379e+00
2.172413793103448e+00 1.137931034482759e+00
2.172413793103448e+00 1.206896551724138e+00
2.172413793103448e+00 1.275862068965517e+00
2.172413793103448e+00 1.344827586206897e+00
2.172413793103448e+00 1.413793103448276e+00
2.172413793103448e+00 1.482758620689655e+00
2.172413793103448e+00 1.551724137931034e+00
2.172413793103448e+00 1.620689655172414e+00
2.172413793103448e+00 1.689655172413793e+00
2.172413793103448e+00 1.758620689655172e+00
2.172413793103448e+00 1.827586206896552e+00
2.172413793103448e+00 1.896551724137931e+00
2.172413793103448e+00 1.965517241379310e+00
2.172413793103448e+00 2.034482758620690e+00
2.172413793103448e+00 2.103448275862069e+00
2.172413793103448e+00 2.172413793103448e+00
2.172413793103448e+00 2.241379310344827e+00
2.172413793103448e+00 2.310344827586207e+00
2.172413793103448e+00 2.379310344827586e+00
2.172413793103448e+00 2.448275862068965e+00
2.172413793103448e+00 2.517241379310345e+00
2.172413793103448e+00 2.586206896551724e+00
2.172413793103448e+00 2.655172413793103e+00
2.172413793103448e+00 2.724137931034483e+00
2.172413793103448e+00 2.793103448275862e+00
2.172413793103448e+00 2.862068965517242e+00
2.172413793103448e+00 2.931034482758621e+00
2.172413793103448e+00 3.000000000000000e+00
2.241379310344827e+00 1.000000000000000e+00
2.241379310344827e+00 1.068965517241379e+00
2.241379310344827e+00 1.137931034482759e+00
2.241379310344827e+00 1.206896551724138e+00
2.241379310344827e+00 1.275862068965517e+00
2.241379310344827e+00 1.344827586206897e+00
2.241379310344827e+00 1.413793103448276e+00
2.241379310344827e+00 1.482758620689655e+00
2.241379310344827e+00 1.551724137931034e+00
2.241379310344827e+00 1.620689655172414e+00
2.241379310344827e+00 1.689655172413793e+00
2.241379310344827e+00 1.758620689655172e+00
2.241379310344827e+00 1.827586206896552e+00
2.241379310344827e+00 1.896551724137931e+00
2.241379310344827e+00 1.965517241379310e+00
2.241379310344827e+00 2.034482758620690e+00
2.241379310344827e+00 2.103448275862069e+00
2.241379310344827e+00 2.172413793103448e+00
2.241379310344827e+00 2.241379310344827e+00
2.241379310344827e+00 2.310344827586207e+00
2.241379310344827e+00 2.379310344827586e+00
2.241379310344827e+00 2.448275862068965e+00
2.241379310344827e+00 2.517241379310345e+00
2.241379310344827e+00 2.586206896551724e+00
2.241379310344827e+00 2.655172413793103e+00
2.241379310344827e+00 2.724137931034483e+00
2.241379310344827e+00 2.793103448275862e+00
2.241379310344827e+00 2.862068965517242e+00
2.241379310344827e+00 2.931034482758621e+00
2.241379310344827e+00 3.000000000000000e+00
2.310344827586207e+00 1.000000000000000e+00
2.310344827586207e+00 1.068965517241379e+00
2.310344827586207e+00 1.137931034482759e+00
2.310344827586207e+00 1.206896551724138e+00
2.310344827586207e+00 1.275862068965517e+00
2.310344827586207e+00 1.344827586206897e+00
2.310344827586207e+00 1.413793103448276e+00
2.310344827586207e+00 1.482758620689655e+00
2.310344827586207e+00 1.551724137931034e+00
2.310344827586207e+00 1.620689655172414e+00
2.310344827586207e+00 1.689655172413793e+00
2.310344827586207e+00 1.758620689655172e+00
2.310344827586207e+00 1.827586206896552e+00
2.310344827586207e+00 1.896551724137931e+00
2.310344827586207e+00 1.965517241379310e+00
2.310344827586207e+00 2.034482758620690e+00
2.310344827586207e+00 2.103448275862069e+00
2.310344827586207e+00 2.172413793103448e+00
2.310344827586207e+00 2.241379310344827e+00
2.310344827586207e+00 2.310344827586207e+00
2.310344827586207e+00 2.379310344827586e+00
2.310344827586207e+00 2.448275862068965e+00
2.310344827586207e+00 2.517241379310345e+00
2.310344827586207e+00 2.586206896551724e+00
2.310344827586207e+00 2.655172413793103e+00
2.310344827586207e+00 2.724137931034483e+00
2.310344827586207e+00 2.793103448275862e+00
2.310344827586207e+00 2.862068965517242e+00
2.310344827586207e+00 2.931034482758621e+00
2.310344827586207e+00 3.000000000000000e+00
2.379310344827586e+00 1.000000000000000e+00
2.379310344827586e+00 1.068965517241379e+00
2.379310344827586e+00 1.137931034482759e+00
2.379310344827586e+00 1.206896551724138e+00
2.379310344827586e+00 1.275862068965517e+00
2.379310344827586e+00 1.344827586206897e+00
2.379310344827586e+00 1.413793103448276e+00
2.379310344827586e+00 1.482758620689655e+00
2.379310344827586e+00 1.551724137931034e+00
2.379310344827586e+00 1.620689655172414e+00
2.379310344827586e+00 1.689655172413793e+00
2.379310344827586e+00 1.758620689655172e+00
2.379310344827586e+00 1.827586206896552e+00
2.379310344827586e+00 1.896551724137931e+00
2.379310344827586e+00 1.965517241379310e+00
2.379310344827586e+00 2.034482758620690e+00
2.379310344827586e+00 2.103448275862069e+00
2.379310344827586e+00 2.172413793103448e+00
2.379310344827586e+00 2.241379310344827e+00
2.379310344827586e+00 2.310344827586207e+00
2.379310344827586e+00 2.379310344827586e+00
2.379310344827586e+00 2.448275862068965e+00
2.379310344827586e+00 2.517241379310345e+00
2.379310344827586e+00 2.586206896551724e+00
2.379310344827586e+00 2.655172413793103e+00
2.379310344827586e+00 2.724137931034483e+00
2.379310344827586e+00 2.793103448275862e+00
2.379310344827586e+00 2.862068965517242e+00
2.379310344827586e+00 2.931034482758621e+00
2.379310344827586e+00 3.000000000000000e+00
2.448275862068965e+00 1.000000000000000e+00
2.448275862068965e+00 1.068965517241379e+00
2.448275862068965e+00 1.137931034482759e+00
2.448275862068965e+00 1.206896551724138e+00
2.448275862068965e+00 1.275862068965517e+00
2.448275862068965e+00 1.344827586206897e+00
2.448275862068965e+00 1.413793103448276e+00
2.448275862068965e+00 1.482758620689655e+00
2.448275862068965e+00 1.551724137931034e+00
2.448275862068965e+00 1.620689655172414e+00
2.448275862068965e+00 1.689655172413793e+00
2.448275862068965e+00 1.758620689655172e+00
2.448275862068965e+00 1.827586206896552e+00
2.448275862068965e+00 1.896551724137931e+00
2.448275862068965e+00 1.965517241379310e+00
2.448275862068965e+00 2.034482758620690e+00
2.448275862068965e+00 2.103448275862069e+00
2.448275862068965e+00 2.172413793103448e+00
2.448275862068965e+00 2.241379310344827e+00
2.448275862068965e+00 2.310344827586207e+00
2.448275862068965e+00 2.379310344827586e+00
2.448275862068965e+00 2.448275862068965e+00
2.448275862068965e+00 2.517241379310345e+00
2.448275862068965e+00 2.586206896551724e+00
2.448275862068965e+00 2.655172413793103e+00
2.448275862068965e+00 2.724137931034483e+00
2.448275862068965e+00 2.793103448275862e+00
2.448275862068965e+00 2.862068965517242e+00
2.448275862068965e+00 2.931034482758621e+00
2.448275862068965e+00 3.000000000000000e+00
2.517241379310345e+00 1.000000000000000e+00
2.517241379310345e+00 1.068965517241379e+00
2.517241379310345e+00 1.137931034482759e+00
2.517241379310345e+00 1.206896551724138e+00
2.517241379310345e+00 1.275862068965517e+00
2.517241379310345e+00 1.344827586206897e+00
2.517241379310345e+00 1.413793103448276e+00
2.517241379310345e+00 1.482758620689655e+00
2.517241379310345e+00 1.551724137931034e+00
2.517241379310345e+00 1.620689655172414e+00
2.517241379310345e+00 1.689655172413793e+00
2.517241379310345e+00 1.758620689655172e+00
2.517241379310345e+00 1.827586206896552e+00
2.517241379310345e+00 1.896551724137931e+00
2.517241379310345e+00 1.965517241379310e+00
2.517241379310345e+00 2.034482758620690e+00
2.517241379310345e+00 2.103448275862069e+00
2.517241379310345e+00 2.172413793103448e+00
2.517241379310345e+00 2.241379310344827e+00
2.517241379310345e+00 2.310344827586207e+00
2.517241379310345e+00 2.379310344827586e+00
2.517241379310345e+00 2.448275862068965e+00
2.517241379310345e+00 2.517241379310345e+00
2.517241379310345e+00 2.586206896551724e+00
2.517241379310345e+00 2.655172413793103e+00
2.517241379310345e+00 2.724137931034483e+00
2.517241379310345e+00 2.793103448275862e+00
2.517241379310345e+00 2.862068965517242e+00
2.517241379310345e+00 2.931034482758621e+00
2.517241379310345e+00 3.000000000000000e+00
2.586206896551724e+00 1.000000000000000e+00
2.586206896551724e+00 1.068965517241379e+00
2.586206896551724e+00 1.137931034482759e+00
2.586206896551724e+00 1.206896551724138e+00
2.586206896551724e+00 1.275862068965517e+00
2.586206896551724e+00 1.344827586206897e+00
2.586206896551724e+00 1.413793103448276e+00
2.586206896551724e+00 1.482758620689655e+00
2.586206896551724e+00 1.551724137931034e+00
2.586206896551724e+00 1.620689655172414e+00
2.586206896551724e+00 1.689655172413793e+00
2.586206896551724e+00 1.758620689655172e+00
2.586206896551724e+00 1.827586206896552e+00
2.586206896551724e+00 1.896551724137931e+00
2.586206896551724e+00 1.965517241379310e+00
2.586206896551724e+00 2.034482758620690e+00
2.586206896551724e+00 2.103448275862069e+00
2.586206896551724e+00 2.172413793103448e+00
2.586206896551724e+00 2.241379310344827e+00
2.586206896551724e+00 2.310344827586207e+00
2.586206896551724e+00 2.379310344827586e+00
2.586206896551724e+00 2.448275862068965e+00
2.586206896551724e+00 2.517241379310345e+00
2.586206896551724e+00 2.586206896551724e+00
2.586206896551724e+00 2.655172413793103e+00
2.586206896551724e+00 2.724137931034483e+00
2.586206896551724e+00 2.793103448275862e+00
2.586206896551724e+00 2.862068965517242e+00
2.586206896551724e+00 2.931034482758621e+00
2.586206896551724e+00 3.000000000000000e+00
2.655172413793103e+00 1.000000000000000e+00
2.655172413793103e+00 1.068965517241379e+00
2.655172413793103e+00 1.137931034482759e+00
2.655172413793103e+00 1.206896551724138e+00
2.655172413793103e+00 1.275862068965517e+00
2.655172413793103e+00 1.344827586206897e+00
2.655172413793103e+00 1.413793103448276e+00
2.655172413793103e+00 1.482758620689655e+00
2.655172413793103e+00 1.551724137931034e+00
2.655172413793103e+00 1.620689655172414e+00
2.655172413793103e+00 1.689655172413793e+00
2.655172413793103e+00 1.758620689655172e+00
2.655172413793103e+00 1.827586206896552e+00
2.655172413793103e+00 1.896551724137931e+00
2.655172413793103e+00 1.965517241379310e+00
2.655172413793103e+00 2.034482758620690e+00
2.655172413793103e+00 2.103448275862069e+00
2.655172413793103e+00 2.172413793103448e+00
2.655172413793103e+00 2.241379310344827e+00
2.655172413793103e+00 2.310344827586207e+00
2.655172413793103e+00 2.379310344827586e+00
2.655172413793103e+00 2.448275862068965e+00
2.655172413793103e+00 2.517241379310345e+00
2.655172413793103e+00 2.586206896551724e+00
2.655172413793103e+00 2.655172413793103e+00
2.655172413793103e+00 2.724137931034483e+00
2.655172413793103e+00 2.793103448275862e+00
2.655172413793103e+00 2.862068965517242e+00
2.655172413793103e+00 2.931034482758621e+00
2.655172413793103e+00 3.000000000000000e+00
2.724137931034483e+00 1.000000000000000e+00
2.724137931034483e+00 1.068965517241379e+00
2.724137931034483e+00 1.137931034482759e+00
2.724137931034483e+00 1.206896551724138e+00
2.724137931034483e+00 1.275862068965517e+00
2.724137931034483e+00 1.344827586206897e+00
2.724137931034483e+00 1.413793103448276e+00
2.724137931034483e+00 1.482758620689655e+00
2.724137931034483e+00 1.551724137931034e+00
2.724137931034483e+00 1.620689655172414e+00
2.724137931034483e+00 1.689655172413793e+00
2.724137931034483e+00 1.758620689655172e+00
2.724137931034483e+00 1.827586206896552e+00
2.724137931034483e+00 1.896551724137931e+00
2.724137931034483e+00 1.965517241379310e+00
2.724137931034483e+00 2.034482758620690e+00
2.724137931034483e+00 2.103448275862069e+00
2.724137931034483e+00 2.172413793103448e+00
2.724137931034483e+00 2.241379310344827e+00
2.724137931034483e+00 2.310344827586207e+00
2.724137931034483e+00 2.379310344827586e+00
2.724137931034483e+00 2.448275862068965e+00
2.724137931034483e+00 2.517241379310345e+00
2.724137931034483e+00 2.586206896551724e+00
2.724137931034483e+00 2.655172413793103e+00
2.724137931034483e+00 2.724137931034483e+00
2.724137931034483e+00 2.793103448275862e+00
2.724137931034483e+00 2.862068965517242e+00
2.724137931034483e+00 2.931034482758621e+00
2.724137931034483e+00 3.000000000000000e+00
2.793103448275862e+00 1.000000000000000e+00
2.793103448275862e+00 1.068965517241379e+00
2.793103448275862e+00 1.137931034482759e+00
2.793103448275862e+00 1.206896551724138e+00
2.793103448275862e+00 1.275862068965517e+00
2.793103448275862e+00 1.344827586206897e+00
2.793103448275862e+00 1.413793103448276e+00
2.793103448275862e+00 1.482758620689655e+00
2.793103448275862e+00 1.551724137931034e+00
2.793103448275862e+00 1.620689655172414e+00
2.793103448275862e+00 1.689655172413793e+00
2.793103448275862e+00 1.758620689655172e+00
2.793103448275862e+00 1.827586206896552e+00
2.793103448275862e+00 1.896551724137931e+00
2.793103448275862e+00 1.965517241379310e+00
2.793103448275862e+00 2.034482758620690e+00
2.793103448275862e+00 2.103448275862069e+00
2.793103448275862e+00 2.172413793103448e+00
2.793103448275862e+00 2.241379310344827e+00
2.793103448275862e+00 2.310344827586207e+00
2.793103448275862e+00 2.379310344827586e+00
2.793103448275862e+00 2.448275862068965e+00
2.793103448275862e+00 2.517241379310345e+00
2.793103448275862e+00 2.586206896551724e+00
2.793103448275862e+00 2.655172413793103e+00
2.793103448275862e+00 2.724137931034483e+00
2.793103448275862e+00 2.793103448275862e+00
2.793103448275862e+00 2.862068965517242e+00
2.793103448275862e+00 2.931034482758621e+00
2.793103448275862e+00 3.000000000000000e+00
2.862068965517242e+00 1.000000000000000e+00
2.862068965517242e+00 1.068965517241379e+00
2.862068965517242e+00 1.137931034482759e+00
2.862068965517242e+00 1.206896551724138e+00
2.862068965517242e+00 1.275862068965517e+00
2.862068965517242e+00 1.344827586206897e+00
2.862068965517242e+00 1.413793103448276e+00
2.862068965517242e+00 1.482758620689655e+00
2.862068965517242e+00 1.551724137931034e+00
2.862068965517242e+00 1.620689655172414e+00
2.862068965517242e+00 1.689655172413793e+00
2.862068965517242e+00 1.758620689655172e+00
2.862068965517242e+00 1.827586206896552e+00
2.862068965517242e+00 1.896551724137931e+00
2.862068965517242e+00 1.965517241379310e+00
2.862068965517242e+00 2.034482758620690e+00
2.862068965517242e+00 2.103448275862069e+00
2.862068965517242e+00 2.172413793103448e+00
2.862068965517242e+00 2.241379310344827e+00
2.862068965517242e+00 2.310344827586207e+00
2.862068965517242e+00 2.379310344827586e+00
2.862068965517242e+00 2.448275862068965e+00
2.862068965517242e+00 2.517241379310345e+00
2.862068965517242e+00 2.586206896551724e+00
2.862068965517242e+00 2.655172413793103e+00
2.862068965517242e+00 2.724137931034483e+00
2.862068965517242e+00 2.793103448275862e+00
2.862068965517242e+00 2.862068965517242e+00
2.862068965517242e+00 2.931034482758621e+00
2.862068965517242e+00 3.000000000000000e+00
2.931034482758621e+00 1.000000000000000e+00
2.931034482758621e+00 1.068965517241379e+00
2.931034482758621e+00 1.137931034482759e+00
2.931034482758621e+00 1.206896551724138e+00
2.931034482758621e+00 1.275862068965517e+00
2.931034482758621e+00 1.344827586206897e+00
2.931034482758621e+00 1.413793103448276e+00
2.931034482758621e+00 1.482758620689655e+00
2.931034482758621e+00 1.551724137931034e+00
2.931034482758621e+00 1.620689655172414e+00
2.931034482758621e+00 1.689655172413793e+00
2.931034482758621e+00 1.758620689655172e+00
2.931034482758621e+00 1.827586206896552e+00
2.931034482758621e+00 1.896551724137931e+00
2.931034482758621e+00 1.965517241379310e+00
2.931034482758621e+00 2.034482758620690e+00
2.931034482758621e+00 2.103448275862069e+00
2.931034482758621e+00 2.172413793103448e+00
2.931034482758621e+00 2.241379310344827e+00
2.931034482758621e+00 2.310344827586207e+00
2.931034482758621e+00 2.379310344827586e+00
2.931034482758621e+00 2.448275862068965e+00
2.931034482758621e+00 2.517241379310345e+00
2.931034482758621e+00 2.586206896551724e+00
2.931034482758621e+00 2.655172413793103e+00
2.931034482758621e+00 2.724137931034483e+00
2.931034482758621e+00 2.793103448275862e+00
2.931034482758621e+00 2.862068965517242e+00
2.931034482758621e+00 2.931034482758621e+00
2.931034482758621e+00 3.000000000000000e+00
3.000000000000000e+00 1.000000000000000e+00
3.000000000000000e+00 1.068965517241379e+00
3.000000000000000e+00 1.137931034482759e+00
3.000000000000000e+00 1.206896551724138e+00
3.000000000000000e+00 1.275862068965517e+00
3.000000000000000e+00 1.344827586206897e+00
3.000000000000000e+00 1.413793103448276e+00
3.000000000000000e+00 1.482758620689655e+00
3.000000000000000e+00 1.551724137931034e+00
3.000000000000000e+00 1.620689655172414e+00
3.000000000000000e+00 1.689655172413793e+00
3.000000000000000e+00 1.758620689655172e+00
3.000000000000000e+00 1.827586206896552e+00
3.000000000000000e+00 1.896551724137931e+00
3.000000000000000e+00 1.965517241379310e+00
3.000000000000000e+00 2.034482758620690e+00
3.000000000000000e+00 2.103448275862069e+00
3.000000000000000e+00 2.172413793103448e+00
3.000000000000000e+00 2.241379310344827e+00
3.000000000000000e+00 2.310344827586207e+00
3.000000000000000e+00 2.379310344827586e+00
3.000000000000000e+00 2.448275862068965e+00
3.000000000000000e+00 2.517241379310345e+00
3.000000000000000e+00 2.586206896551724e+00
3.000000000000000e+00 2.655172413793103e+00
3.000000000000000e+00 2.724137931034483e+00
3.000000000000000e+00 2.793103448275862e+00
3.000000000000000e+00 2.862068965517242e+00
3.000000000000000e+00 2.931034482758621e+00
3.000000000000000e+00 3.000000000000000e+00
