2.452869966710689504e-22
2.450307651356597881e-22
2.447754759306649975e-22
2.445211211753346936e-22
2.442676930680528948e-22
2.440151838855433593e-22
2.437635859820830847e-22
2.435128917887228150e-22
2.432630938125148811e-22
2.430141846357480957e-22
2.427661569151898411e-22
2.425190033813350224e-22
2.422727168376621679e-22
2.420272901598964411e-22
2.417827162952794232e-22
2.415389882618459967e-22
2.412960991477076224e-22
2.410540421103427171e-22
2.408128103758936143e-22
2.405723972384700127e-22
2.403327960594591495e-22
2.400940002668425090e-22
2.398560033545190667e-22
2.396187988816346467e-22
2.393823804719182373e-22
2.391467418130240903e-22
2.389118766558804032e-22
2.386777788140442550e-22
2.384444421630625132e-22
2.382118606398391831e-22
2.379800282420085396e-22
2.377489390273145609e-22
2.375185871129961913e-22
2.372889666751785769e-22
2.370600719482703185e-22
2.368318972243664618e-22
2.366044368526572237e-22
2.363776852388428314e-22
2.361516368445532979e-22
2.359262861867749694e-22
2.357016278372816328e-22
2.354776564220718299e-22
2.352543666208114854e-22
2.350317531662818942e-22
2.348098108438334933e-22
2.345885344908446637e-22
2.343679189961858464e-22
2.341479592996893472e-22
2.339286503916239849e-22
2.337099873121750523e-22
2.334919651509296852e-22
2.332745790463667918e-22
2.330578241853525771e-22
2.328416958026408645e-22
2.326261891803784942e-22
2.324112996476154712e-22
2.321970225798200040e-22
2.319833533983988079e-22
2.317702875702215950e-22
2.315578206071508757e-22
2.313459480655761811e-22
2.311346655459527052e-22
2.309239686923454479e-22
2.307138531919770728e-22
2.305043147747806553e-22
2.302953492129568975e-22
2.300869523205360447e-22
2.298791199529438457e-22
2.296718480065722160e-22
2.294651324183539429e-22
2.292589691653421888e-22
2.290533542642936128e-22
2.288482837712562901e-22
2.286437537811615801e-22
2.284397604274200857e-22
2.282362998815217497e-22
2.280333683526403720e-22
2.278309620872414642e-22
2.276290773686949010e-22
2.274277105168908627e-22
2.272268578878602444e-22
2.270265158733984038e-22
2.268266809006932349e-22
2.266273494319569091e-22
2.264285179640613307e-22
2.262301830281772134e-22
2.260323411894172001e-22
2.258349890464824621e-22
2.256381232313128724e-22
2.254417404087408455e-22
2.252458372761488461e-22
2.250504105631302349e-22
2.248554570311538298e-22
2.246609734732316640e-22
2.244669567135906002e-22
2.242734036073467183e-22
2.240803110401837475e-22
2.238876759280343659e-22
2.236954952167649803e-22
2.235037658818637028e-22
2.233124849281316660e-22
2.231216493893774415e-22
2.229312563281147967e-22
2.227413028352631321e-22
2.225517860298519146e-22
2.223627030587270394e-22
2.221740510962613289e-22
2.219858273440673363e-22
2.217980290307135338e-22
2.216106534114429937e-22
2.214236977678958304e-22
2.212371594078334766e-22
2.210510356648668150e-22
2.208653238981864725e-22
2.206800214922963128e-22
2.204951258567495137e-22
2.203106344258876078e-22
2.201265446585818737e-22
2.199428540379781594e-22
2.197595600712433051e-22
2.195766602893153266e-22
2.193941522466555747e-22
2.192120335210035265e-22
2.190303017131344458e-22
2.188489544466192531e-22
2.186679893675872639e-22
2.184874041444909953e-22
2.183071964678739830e-22
2.181273640501403840e-22
2.179479046253277773e-22
2.177688159488814688e-22
2.175900957974321347e-22
2.174117419685748759e-22
2.172337522806512811e-22
2.170561245725335592e-22
2.168788567034109283e-22
2.167019465525779326e-22
2.165253920192258631e-22
2.163491910222354468e-22
2.161733414999722643e-22
2.159978414100841412e-22
2.158226887293007028e-22
2.156478814532350918e-22
2.154734175961877081e-22
2.152992951909522514e-22
2.151255122886231761e-22
2.149520669584061072e-22
2.147789572874295728e-22
2.146061813805590416e-22
2.144337373602125577e-22
2.142616233661790567e-22
2.140898375554375743e-22
2.139183781019795588e-22
2.137472431966319826e-22
2.135764310468829459e-22
2.134059398767090200e-22
2.132357679264042837e-22
2.130659134524114278e-22
2.128963747271542710e-22
2.127271500388723914e-22
2.125582376914573563e-22
2.123896360042906924e-22
2.122213433120837833e-22
2.120533579647188957e-22
2.118856783270926974e-22
2.117183027789607398e-22
2.115512297147840084e-22
2.113844575435769554e-22
2.112179846887570122e-22
2.110518095879960079e-22
2.108859306930729494e-22
2.107203464697283547e-22
2.105550553975202782e-22
2.103900559696817000e-22
2.102253466929796069e-22
2.100609260875752742e-22
2.098967926868865672e-22
2.097329450374509970e-22
2.095693816987908437e-22
2.094061012432793619e-22
2.092431022560086787e-22
2.090803833346586788e-22
2.089179430893677003e-22
2.087557801426044763e-22
2.085938931290413226e-22
2.084322806954287595e-22
2.082709415004714971e-22
2.081098742147056901e-22
2.079490775203775563e-22
2.077885501113231002e-22
2.076282906928494584e-22
2.074682979816170916e-22
2.073085707055237162e-22
2.071491076035888240e-22
2.069899074258401292e-22
2.068309689332007680e-22
2.066722908973777677e-22
2.065138721007518325e-22
2.063557113362682575e-22
2.061978074073288302e-22
2.060401591276851662e-22
2.058827653213329851e-22
2.057256248224074685e-22
2.055687364750800037e-22
2.054120991334556815e-22
2.052557116614720855e-22
2.050995729327991873e-22
2.049436818307401347e-22
2.047880372481332155e-22
2.046326380872549261e-22
2.044774832597238164e-22
2.043225716864056740e-22
2.041679022973195084e-22
2.040134740315446399e-22
2.038592858371285879e-22
2.037053366709962521e-22
2.035516254988597522e-22
2.033981512951293723e-22
2.032449130428255870e-22
2.030919097334915577e-22
2.029391403671072508e-22
2.027866039520037208e-22
2.026342995047789681e-22
2.024822260502141033e-22
2.023303826211909915e-22
2.021787682586102502e-22
2.020273820113103517e-22
2.018762229359876657e-22
2.017252900971171609e-22
2.015745825668740932e-22
2.014240994250564232e-22
2.012738397590080565e-22
2.011238026635431417e-22
2.009739872408706979e-22
2.008243926005204409e-22
2.006750178592694086e-22
2.005258621410688929e-22
2.003769245769728748e-22
2.002282043050664141e-22
2.000797004703955188e-22
1.999314122248972738e-22
1.997833387273309338e-22
1.996354791432096972e-22
1.994878326447330448e-22
1.993403984107202775e-22
1.991931756265440534e-22
1.990461634840651485e-22
1.988993611815678275e-22
1.987527679236957324e-22
1.986063829213885473e-22
1.984602053918193439e-22
1.983142345583325865e-22
1.981684696503827943e-22
1.980229099034736981e-22
1.978775545590983605e-22
1.977324028646796958e-22
1.975874540735115073e-22
1.974427074447006295e-22
1.972981622431089292e-22
1.971538177392967875e-22
1.970096732094663708e-22
1.968657279354061474e-22
1.967219812044354978e-22
1.965784323093502195e-22
1.964350805483685474e-22
1.962919252250775757e-22
1.961489656483805011e-22
1.960062011324441723e-22
1.958636309966473920e-22
1.957212545655296418e-22
1.955790711687404416e-22
1.954370801409890388e-22
1.952952808219950374e-22
1.951536725564389800e-22
1.950122546939139415e-22
1.948710265888774037e-22
1.947299876006036952e-22
1.945891370931368071e-22
1.944484744352438902e-22
1.943079990003692462e-22
1.941677101665884836e-22
1.940276073165635666e-22
1.938876898374981466e-22
1.937479571210932219e-22
1.936084085635035749e-22
1.934690435652944187e-22
1.933298615313985867e-22
1.931908618710742140e-22
1.930520439978626551e-22
1.929134073295472239e-22
1.927749512881120045e-22
1.926366752997012024e-22
1.924985787945790133e-22
1.923606612070898914e-22
1.922229219756190293e-22
1.920853605425535427e-22
1.919479763542439152e-22
1.918107688609657935e-22
1.916737375168823020e-22
1.915368817800066384e-22
1.914002011121652330e-22
1.912636949789610274e-22
1.911273628497372918e-22
1.909912041975420550e-22
1.908552184990922989e-22
1.907194052347391166e-22
1.905837638884330354e-22
1.904482939476894809e-22
1.903129949035549697e-22
1.901778662505733726e-22
1.900429074867527187e-22
1.899081181135321408e-22
1.897734976357493608e-22
1.896390455616084577e-22
1.895047614026478475e-22
1.893706446737088265e-22
1.892366948929041388e-22
1.891029115815872256e-22
1.889692942643214503e-22
1.888358424688499121e-22
1.887025557260653768e-22
1.885694335699806777e-22
1.884364755376992581e-22
1.883036811693862538e-22
1.881710500082395758e-22
1.880385816004615108e-22
1.879062754952305562e-22
1.877741312446735841e-22
1.876421484038381236e-22
1.875103265306652064e-22
1.873786651859622135e-22
1.872471639333762378e-22
1.871158223393675654e-22
1.869846399731834384e-22
1.868536164068322177e-22
1.867227512150576630e-22
1.865920439753136127e-22
1.864614942677386873e-22
1.863311016751316039e-22
1.860707861791685088e-22
1.858110942020852189e-22
1.855520224995535546e-22
1.852935678675043018e-22
1.850357271413905761e-22
1.847784971954660933e-22
1.845218749420785090e-22
1.842658573309767233e-22
1.840104413486326673e-22
1.837556240175766321e-22
1.835014023957462328e-22
1.832477735758485615e-22
1.829947346847353654e-22
1.827422828827906374e-22
1.824904153633309969e-22
1.822391293520178011e-22
1.819884221062815526e-22
1.817382909147574976e-22
1.814887330967329791e-22
1.812397460016057923e-22
1.809913270083533315e-22
1.807434735250127396e-22
1.804961829881710490e-22
1.802494528624660669e-22
1.800032806400968286e-22
1.797576638403442548e-22
1.795126000091009770e-22
1.792680867184111082e-22
1.790241215660186416e-22
1.787807021749252997e-22
1.785378261929569653e-22
1.782954912923388578e-22
1.780536951692790556e-22
1.778124355435605289e-22
1.775717101581408603e-22
1.773315167787604763e-22
1.770918531935580254e-22
1.768527172126939377e-22
1.766141066679808497e-22
1.763760194125220221e-22
1.761384533203561522e-22
1.759014062861096868e-22
1.756648762246559283e-22
1.754288610707805595e-22
1.751933587788540102e-22
1.749583673225101709e-22
1.747238846943313369e-22
1.744899089055394055e-22
1.742564379856931163e-22
1.740234699823909798e-22
1.737910029609804135e-22
1.735590350042720021e-22
1.733275642122599657e-22
1.730965887018473287e-22
1.728661066065771078e-22
1.726361160763681787e-22
1.724066152772564789e-22
1.721776023911413365e-22
1.719490756155363587e-22
1.717210331633254471e-22
1.714934732625233252e-22
1.712663941560406516e-22
1.710397941014538109e-22
1.708136713707789605e-22
1.705880242502503555e-22
1.703628510401031176e-22
1.701381500543599533e-22
1.699139196206221040e-22
1.696901580798640343e-22
1.694668637862323047e-22
1.692440351068480650e-22
1.690216704216133097e-22
1.687997681230208941e-22
1.685783266159679838e-22
1.683573443175733356e-22
1.681368196569974468e-22
1.679167510752667485e-22
1.676971370251006668e-22
1.674779759707419283e-22
1.672592663877903923e-22
1.670410067630395396e-22
1.668231955943163466e-22
1.666058313903238631e-22
1.663889126704870579e-22
1.661724379648012272e-22
1.659564058136832710e-22
1.657408147678258141e-22
1.655256633880540078e-22
1.653109502451848695e-22
1.650966739198892569e-22
1.648828330025564743e-22
1.646694260931611830e-22
1.644564518011329449e-22
1.642439087452279060e-22
1.640317955534030883e-22
1.638201108626927286e-22
1.636088533190871549e-22
1.633980215774134269e-22
1.631876143012185158e-22
1.629776301626545752e-22
1.627680678423659300e-22
1.625589260293785087e-22
1.623502034209910399e-22
1.621418987226682470e-22
1.619340106479360175e-22
1.617265379182781945e-22
1.615194792630356489e-22
1.613128334193066445e-22
1.611065991318493658e-22
1.609007751529860920e-22
1.606953602425086637e-22
1.604903531675863473e-22
1.602857527026746170e-22
1.600815576294260288e-22
1.598777667366022933e-22
1.596743788199881827e-22
1.594713926823068482e-22
1.592688071331363127e-22
1.590666209888280325e-22
1.588648330724262824e-22
1.586634422135891618e-22
1.584624472485110360e-22
1.582618470198462232e-22
1.580616403766340210e-22
1.578618261742249564e-22
1.576624032742082808e-22
1.574633705443409003e-22
1.572647268584773391e-22
1.570664710965007850e-22
1.568686021442555697e-22
1.566711188934806586e-22
1.564740202417441526e-22
1.562773050923791296e-22
1.560809723544202380e-22
1.558850209425417488e-22
1.556894497769962648e-22
1.554942577835546999e-22
1.552994438934470344e-22
1.551050070433042926e-22
1.549109461751013664e-22
1.547172602361006626e-22
1.545239481787967837e-22
1.543310089608623144e-22
1.541384415450939367e-22
1.539462448993600502e-22
1.537544179965489324e-22
1.535629598145175344e-22
1.533718693360416164e-22
1.531811455487661890e-22
1.529907874451570825e-22
1.528007940224530575e-22
1.526111642826188791e-22
1.524218972322989789e-22
1.522329918827719400e-22
1.520444472499055927e-22
1.518562623541130517e-22
1.516684362203090577e-22
1.514809678778674479e-22
1.512938563605790034e-22
1.511071007066098361e-22
1.509206999584608815e-22
1.507346531629275557e-22
1.505489593710602585e-22
1.503636176381253709e-22
1.501786270235670043e-22
1.499939865909692672e-22
1.498096954080188607e-22
1.496257525464687328e-22
1.494421570821018021e-22
1.492589080946954581e-22
1.490760046679866959e-22
1.488934458896374628e-22
1.487112308512007571e-22
1.485293586480872202e-22
1.483478283795320116e-22
1.481666391485625529e-22
1.479857900619662962e-22
1.478052802302592675e-22
1.476251087676551043e-22
1.474452747920341402e-22
1.472657774249134533e-22
1.470866157914170553e-22
1.469077890202465282e-22
1.467292962436520597e-22
1.465511365974040202e-22
1.463733092207648677e-22
1.461958132564614070e-22
1.460186478506574708e-22
1.458418121529270007e-22
1.456653053162275048e-22
1.454891264968738445e-22
1.453132748545124902e-22
1.451377495520958260e-22
1.449625497558573463e-22
1.447876746352866648e-22
1.446131233631050878e-22
1.444388951152416105e-22
1.442649890708089841e-22
1.440914044120804409e-22
1.439181403244663022e-22
1.437451959964914317e-22
1.435725706197723611e-22
1.434002633889953550e-22
1.432282735018942647e-22
1.430566001592288989e-22
1.428852425647637711e-22
1.427141999252467758e-22
1.425434714503885941e-22
1.423730563528419579e-22
1.422029538481814076e-22
1.420331631548832859e-22
1.418636834943058945e-22
1.416945140906700288e-22
1.415256541710395816e-22
1.413571029653026416e-22
1.411888597061525207e-22
1.410209236290693455e-22
1.408532939723014853e-22
1.406859699768477071e-22
1.405189508864390736e-22
1.403522359475212403e-22
1.401858244092372223e-22
1.400197155234097859e-22
1.398539085445247326e-22
1.396884027297138783e-22
1.395231973387383613e-22
1.393582916339723259e-22
1.391936848803866073e-22
1.390293763455325798e-22
1.388653652995264523e-22
1.387016510150334697e-22
1.385382327672522789e-22
1.383751098338998588e-22
1.382122814951961920e-22
1.380497470338492183e-22
1.378875057350402587e-22
1.377255568864090162e-22
1.375638997780393989e-22
1.374025337024450622e-22
1.372414579545552078e-22
1.370806718317006198e-22
1.369201746335998168e-22
1.367599656623453693e-22
1.366000442223901698e-22
1.364404096205343148e-22
1.362810611659115387e-22
1.361219981699762842e-22
1.359632199464906540e-22
1.358047258115115741e-22
1.356465150833780521e-22
1.354885870826985751e-22
1.353309411323387678e-22
1.351735765574090257e-22
1.350164926852521729e-22
1.348596888454316359e-22
1.347031643697193371e-22
1.345469185920839387e-22
1.343909508486790885e-22
1.342352604778318765e-22
1.340798468200313615e-22
1.339247092179171461e-22
1.337698470162682560e-22
1.336152595619918317e-22
1.334609462041123144e-22
1.333069062937603724e-22
1.331531391841620632e-22
1.329996442306282542e-22
1.328464207905439254e-22
1.326934682233577313e-22
1.325407858905714447e-22
1.323883731557298712e-22
1.322362293844104343e-22
1.320843539442131833e-22
1.319327462047506377e-22
1.317814055376380534e-22
1.316303313164834082e-22
1.314795229168777150e-22
1.313289797163853363e-22
1.311787010945344390e-22
1.310286864328074963e-22
1.308789351146318602e-22
1.307294465253704284e-22
1.305802200523124986e-22
1.304312550846644353e-22
1.302825510135407359e-22
1.301341072319550030e-22
1.299859231348109637e-22
1.298379981188936529e-22
1.296903315828606684e-22
1.295429229272334483e-22
1.293957715543885955e-22
1.292488768685494856e-22
1.291022382757775437e-22
1.289558551839640402e-22
1.288097270028216741e-22
1.286638531438762971e-22
1.285182330204586856e-22
1.283728660476964533e-22
1.282277516425059400e-22
1.280828892235841948e-22
1.279382782114011240e-22
1.277939180281914505e-22
1.276498080979470499e-22
1.275059478464090505e-22
1.273623367010602875e-22
1.272189740911175441e-22
1.270758594475240285e-22
1.269329922029418039e-22
1.267903717917444297e-22
1.266479976500093914e-22
1.265058692155109771e-22
1.263639859277127542e-22
1.262223472277604461e-22
1.260809525584747617e-22
1.259398013643441777e-22
1.257988930915179563e-22
1.256582271877990684e-22
1.255178031026371648e-22
1.253776202871217576e-22
1.252376781939752149e-22
1.250979762775461305e-22
1.249585139938022946e-22
1.248192908003241817e-22
1.246803061562980858e-22
1.245415595225096311e-22
1.244030503613371430e-22
1.242647781367450412e-22
1.241267423142773983e-22
1.239889423610514743e-22
1.238513777457513225e-22
1.237140479386213706e-22
1.235769524114601911e-22
1.234400906376141296e-22
1.233034620919710517e-22
1.231670662509543009e-22
1.230309025925163739e-22
1.228949705961328793e-22
1.227592697427964949e-22
1.226237995150108322e-22
1.224885593967845819e-22
1.223535488736253547e-22
1.222187674325340624e-22
1.220842145619987579e-22
1.219498897519888524e-22
1.218157924939495432e-22
1.216819222807956069e-22
1.215482786069062041e-22
1.214148609681186727e-22
1.212816688617231909e-22
1.211487017864570882e-22
1.210159592424991557e-22
1.208834407314642388e-22
1.207511457563975483e-22
1.206190738217693464e-22
1.204872244334693519e-22
1.203555970988014270e-22
1.202241913264780520e-22
1.200930066266151300e-22
1.199620425107265561e-22
1.198312984917189511e-22
1.197007740838863717e-22
1.195704688029052090e-22
1.194403821658287576e-22
1.193105136910822080e-22
1.191808628984575923e-22
1.190514293091083998e-22
1.189222124455447580e-22
1.187932118316282132e-22
1.186644269925667936e-22
1.185358574549100013e-22
1.184075027465438052e-22
1.182793623966858210e-22
1.181514359358801629e-22
1.180237228959928590e-22
1.178962228102067732e-22
1.177689352130168560e-22
1.176418596402253961e-22
1.175149956289370825e-22
1.173883427175544678e-22
1.172619004457730777e-22
1.171356683545767798e-22
1.170096459862331051e-22
1.168838328842886162e-22
1.167582285935642764e-22
1.166328326601507711e-22
1.165076446314041109e-22
1.163826640559409070e-22
1.162578904836339270e-22
1.161333234656076287e-22
1.160089625542335987e-22
1.158848073031261797e-22
1.157608572671379568e-22
1.156371120023553843e-22
1.155135710660945074e-22
1.153902340168963771e-22
1.152671004145229367e-22
1.151441698199525307e-22
1.150214417953757208e-22
1.148989159041909593e-22
1.147765917110003813e-22
1.146544687816055026e-22
1.145325466830030812e-22
1.144108249833808862e-22
1.142893032521135599e-22
1.141679810597584094e-22
1.140468579780514100e-22
1.139259335799028792e-22
1.138052074393937390e-22
1.136846791317710019e-22
1.135643482334441263e-22
1.134442143219807857e-22
1.133242769761028477e-22
1.132045357756825423e-22
1.130849903017383475e-22
1.129656401364310631e-22
1.128464848630599319e-22
1.127275240660587131e-22
1.126087573309917566e-22
1.124901842445501938e-22
1.123718043945480358e-22
1.122536173699182934e-22
1.121356227607092866e-22
1.120178201580806947e-22
1.119002091542998891e-22
1.117827893427381005e-22
1.116655603178667520e-22
1.115485216752535800e-22
1.114316730115590835e-22
1.113150139245327397e-22
1.111985440130093128e-22
1.110822628769052567e-22
1.108502653360074937e-22
1.106190181226659610e-22
1.103885180747821642e-22
1.101587620472181827e-22
1.099297469116834452e-22
1.097014695566226349e-22
1.094739268871041586e-22
1.092471158247101674e-22
1.090210333074271651e-22
1.087956762895376513e-22
1.085710417415127284e-22
1.083471266499057893e-22
1.081239280172467940e-22
1.079014428619377679e-22
1.076796682181491233e-22
1.074586011357166624e-22
1.072382386800397093e-22
1.070185779319800406e-22
1.067996159877615220e-22
1.065813499588707319e-22
1.063637769719585019e-22
1.061468941687419276e-22
1.059306987059075788e-22
1.057151877550152494e-22
1.055003585024026956e-22
1.052862081490909148e-22
1.050727339106904467e-22
1.048599330173082269e-22
1.046478027134553348e-22
1.044363402579554454e-22
1.042255429238539873e-22
1.040154079983280414e-22
1.038059327825969676e-22
1.035971145918337492e-22
1.033889507550770426e-22
1.031814386151438728e-22
1.029745755285430707e-22
1.027683588653894028e-22
1.025627860093183008e-22
1.023578543574013085e-22
1.021535613200621633e-22
1.019499043209935826e-22
1.017468807970746152e-22
1.015444881982886503e-22
1.013427239876421321e-22
1.011415856410838155e-22
1.009410706474245730e-22
1.007411765082580615e-22
1.005419007378816815e-22
1.003432408632183836e-22
1.001451944237389443e-22
9.994775897138481877e-23
9.975093207049165131e-23
9.955471129771325602e-23
9.935909424194632647e-23
9.916407850425549795e-23
9.896966169779917372e-23
9.877584144775570401e-23
9.858261539125031727e-23
9.838998117728241585e-23
9.819793646665352995e-23
9.800647893189571828e-23
9.781560625720055641e-23
9.762531613834858360e-23
9.743560628263934918e-23
9.724647440882190551e-23
9.705791824702579476e-23
9.686993553869261156e-23
9.668252403650798899e-23
9.649568150433410159e-23
9.630940571714269755e-23
9.612369446094851862e-23
9.593854553274330792e-23
9.575395674043019381e-23
9.556992590275863806e-23
9.538645084925980713e-23
9.520352942018229619e-23
9.502115946642857010e-23
9.483933884949156902e-23
9.465806544139198403e-23
9.447733712461582660e-23
9.429715179205257413e-23
9.411750734693360925e-23
9.393840170277122346e-23
9.375983278329793811e-23
9.358179852240637783e-23
9.340429686408940264e-23
9.322732576238086301e-23
9.305088318129656657e-23
9.287496709477575018e-23
9.269957548662305759e-23
9.252470635045068160e-23
9.235035768962117622e-23
9.217652751719043349e-23
9.200321385585122444e-23
9.183041473787705753e-23
9.165812820506638962e-23
9.148635230868734255e-23
9.131508510942261941e-23
9.114432467731500867e-23
9.097406909171308805e-23
9.080431644121739867e-23
9.063506482362691303e-23
9.046631234588599667e-23
9.029805712403156977e-23
9.013029728314075055e-23
8.996303095727880446e-23
8.979625628944746936e-23
8.962997143153353950e-23
8.946417454425800178e-23
8.929886379712531323e-23
8.913403736837307809e-23
8.896969344492214805e-23
8.880583022232698114e-23
8.864244590472629449e-23
8.847953870479417549e-23
8.831710684369140458e-23
8.815514855101715423e-23
8.799366206476106394e-23
8.783264563125548002e-23
8.767209750512818885e-23
8.751201594925538544e-23
8.735239923471490047e-23
8.719324564073987406e-23
8.703455345467261760e-23
8.687632097191882830e-23
8.671854649590213275e-23
8.656122833801886572e-23
8.640436481759322500e-23
8.624795426183262616e-23
8.609199500578349218e-23
8.593648539228720770e-23
8.578142377193635534e-23
8.562680850303139877e-23
8.547263795153743623e-23
8.531891049104149484e-23
8.516562450270973087e-23
8.501277837524538227e-23
8.486037050484653318e-23
8.470839929516453671e-23
8.455686315726243766e-23
8.440576050957378323e-23
8.425508977786175109e-23
8.410484939517840671e-23
8.395503780182436044e-23
8.380565344530855380e-23
8.365669478030848078e-23
8.350816026863043263e-23
8.336004837917025983e-23
8.321235758787414586e-23
8.306508637769986290e-23
8.291823323857806281e-23
8.277179666737395601e-23
8.262577516784917845e-23
8.248016725062397593e-23
8.233497143313950603e-23
8.219018623962045736e-23
8.204581020103799801e-23
8.190184185507273570e-23
8.175827974607812465e-23
8.161512242504401347e-23
8.147236844956042825e-23
8.133001638378160236e-23
8.118806479839020619e-23
8.104651227056188248e-23
8.090535738392991098e-23
8.076459872855010813e-23
8.062423490086607953e-23
8.048426450367447226e-23
8.034468614609067398e-23
8.020549844351450026e-23
8.006670001759637557e-23
7.992828949620343208e-23
7.979026551338601977e-23
7.965262670934439297e-23
7.951537173039551434e-23
7.937849922894023515e-23
7.924200786343046362e-23
7.910589629833676839e-23
7.897016320411599360e-23
7.883480725717915614e-23
7.869982713985966031e-23
7.856522154038140664e-23
7.843098915282746495e-23
7.829712867710866517e-23
7.816363881893251726e-23
7.803051828977223693e-23
7.789776580683612400e-23
7.776538009303694082e-23
7.763335987696157268e-23
7.750170389284089996e-23
7.737041088051981126e-23
7.723947958542739283e-23
7.710890875854737665e-23
7.697869715638863555e-23
7.684884354095605445e-23
7.671934667972135456e-23
7.659020534559432907e-23
7.646141831689400826e-23
7.633298437732028305e-23
7.620490231592539930e-23
7.607717092708589872e-23
7.594978901047457160e-23
7.582275537103258584e-23
7.569606881894190982e-23
7.556972816959768834e-23
7.544373224358106511e-23
7.531807986663192314e-23
7.519276986962189528e-23
7.506780108852757480e-23
7.494317236440383160e-23
7.481888254335728132e-23
7.469493047651996606e-23
7.457131502002316431e-23
7.444803503497136554e-23
7.432508938741640930e-23
7.420247694833173017e-23
7.408019659358684950e-23
7.395824720392197302e-23
7.383662766492269415e-23
7.371533686699492072e-23
7.359437370533995453e-23
7.347373707992967660e-23
7.335342589548185011e-23
7.323343906143570530e-23
7.311377549192753626e-23
7.299443410576648575e-23
7.287541382641052980e-23
7.275671358194250944e-23
7.263833230504638568e-23
7.252026893298356506e-23
7.240252240756949557e-23
7.228509167515021552e-23
7.216797568657918454e-23
7.205117339719422040e-23
7.193468376679452988e-23
7.181850575961792759e-23
7.170263834431817256e-23
7.158708049394242218e-23
7.147183118590882728e-23
7.135688940198429182e-23
7.124225412826232656e-23
7.112792435514103201e-23
7.101389907730121078e-23
7.090017729368470320e-23
7.078675800747264067e-23
7.067364022606409867e-23
7.056082296105462051e-23
7.044830522821502314e-23
7.033608604747027352e-23
7.022416444287857661e-23
7.011253944261032221e-23
7.000121007892754910e-23
6.989017538816320934e-23
6.977943441070066761e-23
6.966898619095336520e-23
6.955882977734449567e-23
6.944896422228693919e-23
6.933938858216316158e-23
6.923010191730530143e-23
6.912110329197545706e-23
6.901239177434592646e-23
6.890396643647964709e-23
6.879582635431078842e-23
6.868797060762535632e-23
6.858039828004202070e-23
6.847310845899294325e-23
6.836610023570480492e-23
6.825937270517990399e-23
6.815292496617737165e-23
6.804675612119444642e-23
6.794086527644798357e-23
6.783525154185592937e-23
6.772991403101898334e-23
6.762485186120231936e-23
6.752006415331749476e-23
6.741555003190434776e-23
6.731130862511304762e-23
6.720733906468634472e-23
6.710364048594172652e-23
6.689705283253699651e-23
6.669153881826697042e-23
6.648709165257807092e-23
6.628370460044505196e-23
6.608137098182719155e-23
6.588008417113073826e-23
6.567983759667732910e-23
6.548062474017849654e-23
6.528243913621600601e-23
6.508527437172815304e-23
6.488912408550171468e-23
6.469398196766964895e-23
6.449984175921443674e-23
6.430669725147688976e-23
6.411454228567058906e-23
6.392337075240153103e-23
6.373317659119327470e-23
6.354395379001732001e-23
6.335569638482859943e-23
6.316839845910628288e-23
6.298205414339944913e-23
6.279665761487794118e-23
6.261220309688809994e-23
6.242868485851329390e-23
6.224609721413947990e-23
6.206443452302527788e-23
6.188369118887693558e-23
6.170386165942784250e-23
6.152494042602268699e-23
6.134692202320603323e-23
6.116980102831552967e-23
6.099357206107934922e-23
6.081822978321816686e-23
6.064376889805129853e-23
6.047018415010718928e-23
6.029747032473803926e-23
6.012562224773860257e-23
5.995463478496910053e-23
5.978450284198216670e-23
5.961522136365374172e-23
5.944678533381800001e-23
5.927918977490608506e-23
5.911242974758884149e-23
5.894650035042312049e-23
5.878139671950207030e-23
5.861711402810903541e-23
5.845364748637507622e-23
5.829099234094021516e-23
5.812914387461820915e-23
5.796809740606483689e-23
5.780784828944973605e-23
5.764839191413160249e-23
5.748972370433689234e-23
5.733183911884187432e-23
5.717473365065791462e-23
5.701840282672017072e-23
5.686284220757949435e-23
5.670804738709749648e-23
5.655401399214484494e-23
5.640073768230263011e-23
5.624821414956692786e-23
5.609643911805631313e-23
5.594540834372246490e-23
5.579511761406371001e-23
5.564556274784158796e-23
5.549673959480024866e-23
5.534864403538876536e-23
5.520127198048636291e-23
5.505461937113036128e-23
5.490868217824694038e-23
5.476345640238463196e-23
5.461893807345065625e-23
5.447512325044970358e-23
5.433200802122560772e-23
5.418958850220547611e-23
5.404786083814657056e-23
5.390682120188555087e-23
5.376646579409041021e-23
5.362679084301490263e-23
5.348779260425534500e-23
5.334946736050996984e-23
5.321181142134061731e-23
5.307482112293693111e-23
5.293849282788271126e-23
5.280282292492488250e-23
5.266780782874449622e-23
5.253344397973024209e-23
5.239972784375404617e-23
5.226665591194898479e-23
5.213422470048942592e-23
5.200243075037327479e-23
5.187127062720641166e-23
5.174074092098931614e-23
5.161083824590568977e-23
5.148155924011324741e-23
5.135290056553654813e-23
5.122485890766183619e-23
5.109743097533395084e-23
5.097061350055514637e-23
5.084440323828597514e-23
5.071879696624803371e-23
5.059379148472870736e-23
5.046938361638776604e-23
5.034557020606585865e-23
5.022234812059488234e-23
5.009971424861016201e-23
4.997766550036451647e-23
4.985619880754401736e-23
4.973531112308567584e-23
4.961499942099671033e-23
4.949526069617573032e-23
4.937609196423552472e-23
4.925749026132761345e-23
4.913945264396846819e-23
4.902197618886738484e-23
4.890505799275602497e-23
4.878869517221957965e-23
4.867288486352954358e-23
4.855762422247812324e-23
4.844291042421410843e-23
4.832874066308047780e-23
4.821511215245339131e-23
4.810202212458281090e-23
4.798946783043456103e-23
4.787744653953394679e-23
4.776595553981082963e-23
4.765499213744611957e-23
4.754455365671978374e-23
4.743463743986025970e-23
4.732524084689525584e-23
4.721636125550400932e-23
4.710799606087086655e-23
4.700014267554030943e-23
4.689279852927326294e-23
4.678596106890479568e-23
4.667962775820313104e-23
4.657379607772997500e-23
4.646846352470214869e-23
4.636362761285449045e-23
4.625928587230406276e-23
4.615543584941560512e-23
4.605207510666818013e-23
4.594920122252318896e-23
4.584681179129342716e-23
4.574490442301351581e-23
4.564347674331140233e-23
4.554252639328116615e-23
4.544205102935683522e-23
4.534204832318753681e-23
4.524251596151363561e-23
4.514345164604416500e-23
4.504485309333521034e-23
4.494671803466956191e-23
4.484904421593735519e-23
4.475182939751787490e-23
4.465507135416236409e-23
4.455876787487797349e-23
4.446291676281272758e-23
4.436751583514154283e-23
4.427256292295324504e-23
4.417805587113870340e-23
4.408399253827987563e-23
4.399037079653991095e-23
4.389718853155424646e-23
4.380444364232266147e-23
4.371213404110231337e-23
4.362025765330176687e-23
4.352881241737592825e-23
4.343779628472196127e-23
4.334720721957612575e-23
4.325704319891152721e-23
4.316730221233678923e-23
4.307798226199567804e-23
4.298908136246753810e-23
4.290059754066869166e-23
4.281252883575469637e-23
4.272487329902343171e-23
4.263762899381913158e-23
4.255079399543720452e-23
4.246436639102990034e-23
4.237834427951287589e-23
4.220750898907412535e-23
4.203827314721376224e-23
4.187062195939405731e-23
4.170454081059822026e-23
4.154001526253177684e-23
4.137703105087313458e-23
4.121557408257223806e-23
4.105563043319640252e-23
4.089718634432255020e-23
4.074022822097473844e-23
4.058474262910637421e-23
4.043071629312602775e-23
4.027813609346622221e-23
4.012698906419427667e-23
3.997726239066440310e-23
3.982894340721036969e-23
3.968201959487791338e-23
3.953647857919616136e-23
3.939230812798735589e-23
3.924949614921416564e-23
3.910803068886391929e-23
3.896789992886901496e-23
3.882909218506295888e-23
3.869159590517118691e-23
3.855539966683629875e-23
3.842049217567685823e-23
3.828686226337921929e-23
3.815449888582186601e-23
3.802339112123156745e-23
3.789352816837077709e-23
3.776489934475588319e-23
3.763749408490548120e-23
3.751130193861844498e-23
3.738631256928095048e-23
3.726251575220226369e-23
3.713990137297849956e-23
3.701845942588402849e-23
3.689818001229001327e-23
3.677905333910953567e-23
3.666106971726896593e-23
3.654421956020497574e-23
3.642849338238687713e-23
3.631388179786375264e-23
3.620037551883602982e-23
3.608796535425098295e-23
3.597664220842185635e-23
3.586639707967008606e-23
3.575722105899032623e-23
3.564910532873786858e-23
3.554204116133795550e-23
3.543601991801682214e-23
3.533103304755392089e-23
3.522707208505501681e-23
3.512412865074584832e-23
3.502219444878595930e-23
3.492126126610235015e-23
3.482132097124265372e-23
3.472236551324747183e-23
3.462438692054154317e-23
3.452737729984351937e-23
3.443132883509383183e-23
3.433623378640062005e-23
3.424208448900312785e-23
3.414887335225254971e-23
3.405659285860979262e-23
3.396523556266006493e-23
3.387479409014385771e-23
3.378526113700417118e-23
3.369662946844959881e-23
3.360889191803310407e-23
3.352204138674617865e-23
3.343607084212808810e-23
3.335097331739006387e-23
3.326674191055405974e-23
3.318336978360591397e-23
3.310085016166269372e-23
3.301917633215386919e-23
3.293834164401624108e-23
3.285833950690224513e-23
3.277916339040153974e-23
3.270080682327555349e-23
3.262326339270481015e-23
3.254652674354884928e-23
3.247059057761850700e-23
3.239544865296028092e-23
3.232109478315275565e-23
3.224752283661463042e-23
3.217472673592443106e-23
3.210270045715146570e-23
3.203143802919801221e-23
3.196093353315243782e-23
3.189118110165311557e-23
3.182217491826294968e-23
3.175390921685430398e-23
3.168637828100420424e-23
3.161957644339958496e-23
3.155349808525243990e-23
3.148813763572474663e-23
3.142348957136285398e-23
3.135954841554136739e-23
3.129630873791623254e-23
3.123376515388688202e-23
3.117191232406730991e-23
3.111074495376595079e-23
3.105025779247411045e-23
3.099044563336289550e-23
3.093130331278847125e-23
3.087282570980544237e-23
3.081500774568832672e-23
3.075784438346085220e-23
3.070133062743305877e-23
3.064546152274592964e-23
3.059023215492362188e-23
3.053563764943289710e-23
3.048167317124988118e-23
3.042833392443383008e-23
3.037561515170790735e-23
3.027202019027068314e-23
3.017085098649607618e-23
3.007207083285632643e-23
2.997564360247406661e-23
2.988153373724987628e-23
2.978970623636733416e-23
2.970012664516152154e-23
2.961276104433776432e-23
2.952757603952731272e-23
2.944453875116762214e-23
2.936361680469486291e-23
2.928477832103688632e-23
2.920799190739509203e-23
2.913322664830430565e-23
2.906045209695969934e-23
2.898963826680056374e-23
2.892075562334076916e-23
2.885377507623633579e-23
2.878866797158061477e-23
2.872540608441811721e-23
2.866396161146823940e-23
2.860430716405043249e-23
2.854641576120271167e-23
2.849026082298566413e-23
2.843581616396439760e-23
2.838305598686117056e-23
2.833195487637168659e-23
2.828248779313837599e-23
2.823463006787413477e-23
2.818835739563032030e-23
2.814364583020304982e-23
2.810047177867210050e-23
2.805881199606678059e-23
2.801864358015370515e-23
2.797994396634125730e-23
2.794269092269598583e-23
2.790686254506631968e-23
2.787243725230910280e-23
2.783939378161482358e-23
2.780771118392746567e-23
2.777736881945503647e-23
2.774834635326734076e-23
2.772062375097717334e-23
2.769418127450190366e-23
2.766899947790207893e-23
2.764505920329411855e-23
2.762234157683423769e-23
2.760082800477076108e-23
2.758050016956248198e-23
2.756134002606033327e-23
2.754332979775023716e-23
2.752645197305488823e-23
2.751068930169237763e-23
2.749602479108965399e-23
2.748244170284905791e-23
2.746992354926604929e-23
2.745845408989659923e-23
2.744801732817257153e-23
2.743859750806368900e-23
2.743017911078465640e-23
2.742274685154617636e-23
2.741628567634861806e-23
2.741078075881708101e-23
2.740621749707701917e-23
2.740258151066909735e-23
2.739985863750255071e-23
2.739803493084608977e-23
2.739709665635541015e-23
2.739703028913673717e-23
2.739782251084541194e-23
2.739946020681902517e-23
2.740193046324434650e-23
2.740522056435747917e-23
2.740931798967670516e-23
2.741421041126738606e-23
2.742633187807061404e-23
2.744149009027694453e-23
2.745959308433296405e-23
2.748055172548751738e-23
2.750427962752865948e-23
2.753069307435221554e-23
2.755971094332631433e-23
2.759125463041977425e-23
2.762524797706530751e-23
2.766161719873068227e-23
2.770029081517302233e-23
2.774119958235279310e-23
2.778427642598511602e-23
2.782945637670678241e-23
2.787667650683798399e-23
2.792587586871773657e-23
2.797699543459236090e-23
2.802997803803617933e-23
2.808476831688336333e-23
2.814131265764962608e-23
2.819955914142218388e-23
2.825945749119577545e-23
2.832095902063244593e-23
2.838401658422203806e-23
2.844858452882008666e-23
2.851461864653935937e-23
2.858207612897080517e-23
2.865091552270940740e-23
2.872109668615997383e-23
2.879258074759769046e-23
2.886533006445804859e-23
2.893930818383021936e-23
2.901447980412835601e-23
2.909081073791452790e-23
2.916826787584741961e-23
2.924681915173066391e-23
2.932643350863465956e-23
2.940708086606593106e-23
2.948873208815810450e-23
2.957135895285859780e-23
2.965493412208563442e-23
2.973943111282990787e-23
2.982482426917600592e-23
2.991108873521845649e-23
2.999820042884810960e-23
3.008613601638428165e-23
3.017487288802904623e-23
3.026438913411995605e-23
3.035466352215812093e-23
3.053740504731352173e-23
3.072294032052786581e-23
3.091112168546638438e-23
3.110181036075460506e-23
3.129487586835980535e-23
3.149019549954989952e-23
3.168765381607395660e-23
3.188714218432834181e-23
3.208855834039132779e-23
3.229180598392529049e-23
3.249679439905893948e-23
3.270343810047214720e-23
3.291165650301180647e-23
3.312137361326913742e-23
3.333251774164619018e-23
3.354502123353218864e-23
3.375882021829876421e-23
3.397385437490669368e-23
3.419006671299616653e-23
3.440740336840703291e-23
3.462581341214623681e-23
3.484524867188550179e-23
3.506566356513471426e-23
3.528701494329461280e-23
3.550926194584701126e-23
3.573236586399182344e-23
3.595629001308777054e-23
3.618099961329832122e-23
3.640646167788596228e-23
3.663264490863640076e-23
3.685951959793072162e-23
3.731523193006369787e-23
3.777338948103499060e-23
3.823380320477536595e-23
3.869630200140184488e-23
3.916073077919326789e-23
3.962694874597122294e-23
4.009482790080913214e-23
4.056425170086437088e-23
4.103511388146887774e-23
4.150731741049677221e-23
4.198077356051584789e-23
4.245540108437821947e-23
4.293112548176228816e-23
4.340787834578297605e-23
4.388559678017567896e-23
4.436422287876216527e-23
4.484370325994821849e-23
4.532398864990692328e-23
4.580503350888631949e-23
4.676923616654974565e-23
4.773600966870600813e-23
4.870509394570351500e-23
4.967626367003264596e-23
5.064932273803422579e-23
5.162409973938510498e-23
5.260044422080136742e-23
5.357822359119821416e-23
5.455732054720402715e-23
5.553763092260075420e-23
5.651906188457967285e-23
5.750153041488827820e-23
5.946928967142245551e-23
6.144039665570336228e-23
6.341443177059742979e-23
6.539104735320788655e-23
6.736995241176527949e-23
6.935090111862102100e-23
7.133368402958214601e-23
7.530405742985815803e-23
7.927990156860795210e-23
8.326031999776454133e-23
8.724461161482037372e-23
9.522268769416010322e-23
1.032107990317381575e-22
1.192086647462387148e-22
1.291397765203020031e-22
