4.000000000000000000e+01
4.001562500000000000e+01
4.003125000000000000e+01
4.004687500000000000e+01
4.006250000000000000e+01
4.007812500000000000e+01
4.009375000000000000e+01
4.010937500000000000e+01
4.012500000000000000e+01
4.014062500000000000e+01
4.015625000000000000e+01
4.017187500000000000e+01
4.018750000000000000e+01
4.020312500000000000e+01
4.021875000000000000e+01
4.023437500000000000e+01
4.025000000000000000e+01
4.026562500000000000e+01
4.028125000000000000e+01
4.029687500000000000e+01
4.031250000000000000e+01
4.032812500000000000e+01
4.034375000000000000e+01
4.035937500000000000e+01
4.037500000000000000e+01
4.039062500000000000e+01
4.040625000000000000e+01
4.042187500000000000e+01
4.043750000000000000e+01
4.045312500000000000e+01
4.046875000000000000e+01
4.048437500000000000e+01
4.050000000000000000e+01
4.051562500000000000e+01
4.053125000000000000e+01
4.054687500000000000e+01
4.056250000000000000e+01
4.057812500000000000e+01
4.059375000000000000e+01
4.060937500000000000e+01
4.062500000000000000e+01
4.064062500000000000e+01
4.065625000000000000e+01
4.067187500000000000e+01
4.068750000000000000e+01
4.070312500000000000e+01
4.071875000000000000e+01
4.073437500000000000e+01
4.075000000000000000e+01
4.076562500000000000e+01
4.078125000000000000e+01
4.079687500000000000e+01
4.081250000000000000e+01
4.082812500000000000e+01
4.084375000000000000e+01
4.085937500000000000e+01
4.087500000000000000e+01
4.089062500000000000e+01
4.090625000000000000e+01
4.092187500000000000e+01
4.093750000000000000e+01
4.095312500000000000e+01
4.096875000000000000e+01
4.098437500000000000e+01
4.100000000000000000e+01
4.101562500000000000e+01
4.103125000000000000e+01
4.104687500000000000e+01
4.106250000000000000e+01
4.107812500000000000e+01
4.109375000000000000e+01
4.110937500000000000e+01
4.112500000000000000e+01
4.114062500000000000e+01
4.115625000000000000e+01
4.117187500000000000e+01
4.118750000000000000e+01
4.120312500000000000e+01
4.121875000000000000e+01
4.123437500000000000e+01
4.125000000000000000e+01
4.126562500000000000e+01
4.128125000000000000e+01
4.129687500000000000e+01
4.131250000000000000e+01
4.132812500000000000e+01
4.134375000000000000e+01
4.135937500000000000e+01
4.137500000000000000e+01
4.139062500000000000e+01
4.140625000000000000e+01
4.142187500000000000e+01
4.143750000000000000e+01
4.145312500000000000e+01
4.146875000000000000e+01
4.148437500000000000e+01
4.150000000000000000e+01
4.151562500000000000e+01
4.153125000000000000e+01
4.154687500000000000e+01
4.156250000000000000e+01
4.157812500000000000e+01
4.159375000000000000e+01
4.160937500000000000e+01
4.162500000000000000e+01
4.164062500000000000e+01
4.165625000000000000e+01
4.167187500000000000e+01
4.168750000000000000e+01
4.170312500000000000e+01
4.171875000000000000e+01
4.173437500000000000e+01
4.175000000000000000e+01
4.176562500000000000e+01
4.178125000000000000e+01
4.179687500000000000e+01
4.181250000000000000e+01
4.182812500000000000e+01
4.184375000000000000e+01
4.185937500000000000e+01
4.187500000000000000e+01
4.189062500000000000e+01
4.190625000000000000e+01
4.192187500000000000e+01
4.193750000000000000e+01
4.195312500000000000e+01
4.196875000000000000e+01
4.198437500000000000e+01
4.200000000000000000e+01
4.201562500000000000e+01
4.203125000000000000e+01
4.204687500000000000e+01
4.206250000000000000e+01
4.207812500000000000e+01
4.209375000000000000e+01
4.210937500000000000e+01
4.212500000000000000e+01
4.214062500000000000e+01
4.215625000000000000e+01
4.217187500000000000e+01
4.218750000000000000e+01
4.220312500000000000e+01
4.221875000000000000e+01
4.223437500000000000e+01
4.225000000000000000e+01
4.226562500000000000e+01
4.228125000000000000e+01
4.229687500000000000e+01
4.231250000000000000e+01
4.232812500000000000e+01
4.234375000000000000e+01
4.235937500000000000e+01
4.237500000000000000e+01
4.239062500000000000e+01
4.240625000000000000e+01
4.242187500000000000e+01
4.243750000000000000e+01
4.245312500000000000e+01
4.246875000000000000e+01
4.248437500000000000e+01
4.250000000000000000e+01
4.251562500000000000e+01
4.253125000000000000e+01
4.254687500000000000e+01
4.256250000000000000e+01
4.257812500000000000e+01
4.259375000000000000e+01
4.260937500000000000e+01
4.262500000000000000e+01
4.264062500000000000e+01
4.265625000000000000e+01
4.267187500000000000e+01
4.268750000000000000e+01
4.270312500000000000e+01
4.271875000000000000e+01
4.273437500000000000e+01
4.275000000000000000e+01
4.276562500000000000e+01
4.278125000000000000e+01
4.279687500000000000e+01
4.281250000000000000e+01
4.282812500000000000e+01
4.284375000000000000e+01
4.285937500000000000e+01
4.287500000000000000e+01
4.289062500000000000e+01
4.290625000000000000e+01
4.292187500000000000e+01
4.293750000000000000e+01
4.295312500000000000e+01
4.296875000000000000e+01
4.298437500000000000e+01
4.300000000000000000e+01
4.301562500000000000e+01
4.303125000000000000e+01
4.304687500000000000e+01
4.306250000000000000e+01
4.307812500000000000e+01
4.309375000000000000e+01
4.310937500000000000e+01
4.312500000000000000e+01
4.314062500000000000e+01
4.315625000000000000e+01
4.317187500000000000e+01
4.318750000000000000e+01
4.320312500000000000e+01
4.321875000000000000e+01
4.323437500000000000e+01
4.325000000000000000e+01
4.326562500000000000e+01
4.328125000000000000e+01
4.329687500000000000e+01
4.331250000000000000e+01
4.332812500000000000e+01
4.334375000000000000e+01
4.335937500000000000e+01
4.337500000000000000e+01
4.339062500000000000e+01
4.340625000000000000e+01
4.342187500000000000e+01
4.343750000000000000e+01
4.345312500000000000e+01
4.346875000000000000e+01
4.348437500000000000e+01
4.350000000000000000e+01
4.351562500000000000e+01
4.353125000000000000e+01
4.354687500000000000e+01
4.356250000000000000e+01
4.357812500000000000e+01
4.359375000000000000e+01
4.360937500000000000e+01
4.362500000000000000e+01
4.364062500000000000e+01
4.365625000000000000e+01
4.367187500000000000e+01
4.368750000000000000e+01
4.370312500000000000e+01
4.371875000000000000e+01
4.373437500000000000e+01
4.375000000000000000e+01
4.376562500000000000e+01
4.378125000000000000e+01
4.379687500000000000e+01
4.381250000000000000e+01
4.382812500000000000e+01
4.384375000000000000e+01
4.385937500000000000e+01
4.387500000000000000e+01
4.389062500000000000e+01
4.390625000000000000e+01
4.392187500000000000e+01
4.393750000000000000e+01
4.395312500000000000e+01
4.396875000000000000e+01
4.398437500000000000e+01
4.400000000000000000e+01
4.401562500000000000e+01
4.403125000000000000e+01
4.404687500000000000e+01
4.406250000000000000e+01
4.407812500000000000e+01
4.409375000000000000e+01
4.410937500000000000e+01
4.412500000000000000e+01
4.414062500000000000e+01
4.415625000000000000e+01
4.417187500000000000e+01
4.418750000000000000e+01
4.420312500000000000e+01
4.421875000000000000e+01
4.423437500000000000e+01
4.425000000000000000e+01
4.426562500000000000e+01
4.428125000000000000e+01
4.429687500000000000e+01
4.431250000000000000e+01
4.432812500000000000e+01
4.434375000000000000e+01
4.435937500000000000e+01
4.437500000000000000e+01
4.439062500000000000e+01
4.440625000000000000e+01
4.442187500000000000e+01
4.443750000000000000e+01
4.445312500000000000e+01
4.446875000000000000e+01
4.448437500000000000e+01
4.450000000000000000e+01
4.451562500000000000e+01
4.453125000000000000e+01
4.454687500000000000e+01
4.456250000000000000e+01
4.457812500000000000e+01
4.459375000000000000e+01
4.460937500000000000e+01
4.462500000000000000e+01
4.464062500000000000e+01
4.465625000000000000e+01
4.467187500000000000e+01
4.468750000000000000e+01
4.470312500000000000e+01
4.471875000000000000e+01
4.473437500000000000e+01
4.475000000000000000e+01
4.476562500000000000e+01
4.478125000000000000e+01
4.479687500000000000e+01
4.481250000000000000e+01
4.482812500000000000e+01
4.484375000000000000e+01
4.485937500000000000e+01
4.487500000000000000e+01
4.489062500000000000e+01
4.490625000000000000e+01
4.492187500000000000e+01
4.493750000000000000e+01
4.495312500000000000e+01
4.496875000000000000e+01
4.498437500000000000e+01
4.500000000000000000e+01
4.501562500000000000e+01
4.503125000000000000e+01
4.504687500000000000e+01
4.506250000000000000e+01
4.507812500000000000e+01
4.509375000000000000e+01
4.510937500000000000e+01
4.512500000000000000e+01
4.514062500000000000e+01
4.515625000000000000e+01
4.517187500000000000e+01
4.518750000000000000e+01
4.520312500000000000e+01
4.521875000000000000e+01
4.523437500000000000e+01
4.525000000000000000e+01
4.526562500000000000e+01
4.528125000000000000e+01
4.531250000000000000e+01
4.534375000000000000e+01
4.537500000000000000e+01
4.540625000000000000e+01
4.543750000000000000e+01
4.546875000000000000e+01
4.550000000000000000e+01
4.553125000000000000e+01
4.556250000000000000e+01
4.559375000000000000e+01
4.562500000000000000e+01
4.565625000000000000e+01
4.568750000000000000e+01
4.571875000000000000e+01
4.575000000000000000e+01
4.578125000000000000e+01
4.581250000000000000e+01
4.584375000000000000e+01
4.587500000000000000e+01
4.590625000000000000e+01
4.593750000000000000e+01
4.596875000000000000e+01
4.600000000000000000e+01
4.603125000000000000e+01
4.606250000000000000e+01
4.609375000000000000e+01
4.612500000000000000e+01
4.615625000000000000e+01
4.618750000000000000e+01
4.621875000000000000e+01
4.625000000000000000e+01
4.628125000000000000e+01
4.631250000000000000e+01
4.634375000000000000e+01
4.637500000000000000e+01
4.640625000000000000e+01
4.643750000000000000e+01
4.646875000000000000e+01
4.650000000000000000e+01
4.653125000000000000e+01
4.656250000000000000e+01
4.659375000000000000e+01
4.662500000000000000e+01
4.665625000000000000e+01
4.668750000000000000e+01
4.671875000000000000e+01
4.675000000000000000e+01
4.678125000000000000e+01
4.681250000000000000e+01
4.684375000000000000e+01
4.687500000000000000e+01
4.690625000000000000e+01
4.693750000000000000e+01
4.696875000000000000e+01
4.700000000000000000e+01
4.703125000000000000e+01
4.706250000000000000e+01
4.709375000000000000e+01
4.712500000000000000e+01
4.715625000000000000e+01
4.718750000000000000e+01
4.721875000000000000e+01
4.725000000000000000e+01
4.728125000000000000e+01
4.731250000000000000e+01
4.734375000000000000e+01
4.737500000000000000e+01
4.740625000000000000e+01
4.743750000000000000e+01
4.746875000000000000e+01
4.750000000000000000e+01
4.753125000000000000e+01
4.756250000000000000e+01
4.759375000000000000e+01
4.762500000000000000e+01
4.765625000000000000e+01
4.768750000000000000e+01
4.771875000000000000e+01
4.775000000000000000e+01
4.778125000000000000e+01
4.781250000000000000e+01
4.784375000000000000e+01
4.787500000000000000e+01
4.790625000000000000e+01
4.793750000000000000e+01
4.796875000000000000e+01
4.800000000000000000e+01
4.803125000000000000e+01
4.806250000000000000e+01
4.809375000000000000e+01
4.812500000000000000e+01
4.815625000000000000e+01
4.818750000000000000e+01
4.821875000000000000e+01
4.825000000000000000e+01
4.828125000000000000e+01
4.831250000000000000e+01
4.834375000000000000e+01
4.837500000000000000e+01
4.840625000000000000e+01
4.843750000000000000e+01
4.846875000000000000e+01
4.850000000000000000e+01
4.853125000000000000e+01
4.856250000000000000e+01
4.859375000000000000e+01
4.862500000000000000e+01
4.865625000000000000e+01
4.868750000000000000e+01
4.871875000000000000e+01
4.875000000000000000e+01
4.878125000000000000e+01
4.881250000000000000e+01
4.884375000000000000e+01
4.887500000000000000e+01
4.890625000000000000e+01
4.893750000000000000e+01
4.896875000000000000e+01
4.900000000000000000e+01
4.903125000000000000e+01
4.906250000000000000e+01
4.909375000000000000e+01
4.912500000000000000e+01
4.915625000000000000e+01
4.918750000000000000e+01
4.921875000000000000e+01
4.925000000000000000e+01
4.928125000000000000e+01
4.931250000000000000e+01
4.934375000000000000e+01
4.937500000000000000e+01
4.940625000000000000e+01
4.943750000000000000e+01
4.946875000000000000e+01
4.950000000000000000e+01
4.953125000000000000e+01
4.956250000000000000e+01
4.959375000000000000e+01
4.962500000000000000e+01
4.965625000000000000e+01
4.968750000000000000e+01
4.971875000000000000e+01
4.975000000000000000e+01
4.978125000000000000e+01
4.981250000000000000e+01
4.984375000000000000e+01
4.987500000000000000e+01
4.990625000000000000e+01
4.993750000000000000e+01
4.996875000000000000e+01
5.000000000000000000e+01
5.003125000000000000e+01
5.006250000000000000e+01
5.009375000000000000e+01
5.012500000000000000e+01
5.015625000000000000e+01
5.018750000000000000e+01
5.021875000000000000e+01
5.025000000000000000e+01
5.028125000000000000e+01
5.031250000000000000e+01
5.034375000000000000e+01
5.037500000000000000e+01
5.040625000000000000e+01
5.043750000000000000e+01
5.046875000000000000e+01
5.050000000000000000e+01
5.053125000000000000e+01
5.056250000000000000e+01
5.059375000000000000e+01
5.062500000000000000e+01
5.065625000000000000e+01
5.068750000000000000e+01
5.071875000000000000e+01
5.075000000000000000e+01
5.078125000000000000e+01
5.081250000000000000e+01
5.084375000000000000e+01
5.087500000000000000e+01
5.090625000000000000e+01
5.093750000000000000e+01
5.096875000000000000e+01
5.100000000000000000e+01
5.103125000000000000e+01
5.106250000000000000e+01
5.109375000000000000e+01
5.112500000000000000e+01
5.115625000000000000e+01
5.118750000000000000e+01
5.121875000000000000e+01
5.125000000000000000e+01
5.128125000000000000e+01
5.131250000000000000e+01
5.134375000000000000e+01
5.137500000000000000e+01
5.140625000000000000e+01
5.143750000000000000e+01
5.146875000000000000e+01
5.150000000000000000e+01
5.153125000000000000e+01
5.156250000000000000e+01
5.159375000000000000e+01
5.162500000000000000e+01
5.165625000000000000e+01
5.168750000000000000e+01
5.171875000000000000e+01
5.175000000000000000e+01
5.178125000000000000e+01
5.181250000000000000e+01
5.184375000000000000e+01
5.187500000000000000e+01
5.190625000000000000e+01
5.193750000000000000e+01
5.196875000000000000e+01
5.200000000000000000e+01
5.203125000000000000e+01
5.206250000000000000e+01
5.209375000000000000e+01
5.212500000000000000e+01
5.215625000000000000e+01
5.218750000000000000e+01
5.221875000000000000e+01
5.225000000000000000e+01
5.228125000000000000e+01
5.231250000000000000e+01
5.234375000000000000e+01
5.237500000000000000e+01
5.240625000000000000e+01
5.243750000000000000e+01
5.246875000000000000e+01
5.250000000000000000e+01
5.253125000000000000e+01
5.256250000000000000e+01
5.259375000000000000e+01
5.262500000000000000e+01
5.265625000000000000e+01
5.268750000000000000e+01
5.271875000000000000e+01
5.275000000000000000e+01
5.279687500000000000e+01
5.284375000000000000e+01
5.289062500000000000e+01
5.293750000000000000e+01
5.298437500000000000e+01
5.303125000000000000e+01
5.307812500000000000e+01
5.312500000000000000e+01
5.317187500000000000e+01
5.321875000000000000e+01
5.326562500000000000e+01
5.331250000000000000e+01
5.335937500000000000e+01
5.340625000000000000e+01
5.345312500000000000e+01
5.350000000000000000e+01
5.354687500000000000e+01
5.359375000000000000e+01
5.364062500000000000e+01
5.368750000000000000e+01
5.373437500000000000e+01
5.378125000000000000e+01
5.382812500000000000e+01
5.387500000000000000e+01
5.392187500000000000e+01
5.396875000000000000e+01
5.401562500000000000e+01
5.406250000000000000e+01
5.410937500000000000e+01
5.415625000000000000e+01
5.420312500000000000e+01
5.425000000000000000e+01
5.429687500000000000e+01
5.434375000000000000e+01
5.439062500000000000e+01
5.443750000000000000e+01
5.448437500000000000e+01
5.453125000000000000e+01
5.457812500000000000e+01
5.462500000000000000e+01
5.467187500000000000e+01
5.471875000000000000e+01
5.476562500000000000e+01
5.481250000000000000e+01
5.485937500000000000e+01
5.490625000000000000e+01
5.495312500000000000e+01
5.500000000000000000e+01
5.504687500000000000e+01
5.509375000000000000e+01
5.514062500000000000e+01
5.518750000000000000e+01
5.523437500000000000e+01
5.528125000000000000e+01
5.532812500000000000e+01
5.537500000000000000e+01
5.542187500000000000e+01
5.546875000000000000e+01
5.551562500000000000e+01
5.556250000000000000e+01
5.560937500000000000e+01
5.565625000000000000e+01
5.570312500000000000e+01
5.575000000000000000e+01
5.579687500000000000e+01
5.584375000000000000e+01
5.589062500000000000e+01
5.593750000000000000e+01
5.598437500000000000e+01
5.603125000000000000e+01
5.607812500000000000e+01
5.612500000000000000e+01
5.617187500000000000e+01
5.621875000000000000e+01
5.626562500000000000e+01
5.631250000000000000e+01
5.635937500000000000e+01
5.640625000000000000e+01
5.645312500000000000e+01
5.650000000000000000e+01
5.654687500000000000e+01
5.659375000000000000e+01
5.664062500000000000e+01
5.668750000000000000e+01
5.673437500000000000e+01
5.678125000000000000e+01
5.682812500000000000e+01
5.687500000000000000e+01
5.692187500000000000e+01
5.696875000000000000e+01
5.701562500000000000e+01
5.706250000000000000e+01
5.710937500000000000e+01
5.715625000000000000e+01
5.720312500000000000e+01
5.725000000000000000e+01
5.729687500000000000e+01
5.734375000000000000e+01
5.739062500000000000e+01
5.743750000000000000e+01
5.748437500000000000e+01
5.753125000000000000e+01
5.757812500000000000e+01
5.762500000000000000e+01
5.767187500000000000e+01
5.771875000000000000e+01
5.776562500000000000e+01
5.781250000000000000e+01
5.785937500000000000e+01
5.790625000000000000e+01
5.795312500000000000e+01
5.800000000000000000e+01
5.804687500000000000e+01
5.809375000000000000e+01
5.814062500000000000e+01
5.818750000000000000e+01
5.823437500000000000e+01
5.828125000000000000e+01
5.832812500000000000e+01
5.837500000000000000e+01
5.842187500000000000e+01
5.846875000000000000e+01
5.851562500000000000e+01
5.856250000000000000e+01
5.860937500000000000e+01
5.865625000000000000e+01
5.870312500000000000e+01
5.875000000000000000e+01
5.881250000000000000e+01
5.887500000000000000e+01
5.893750000000000000e+01
5.900000000000000000e+01
5.906250000000000000e+01
5.912500000000000000e+01
5.918750000000000000e+01
5.925000000000000000e+01
5.931250000000000000e+01
5.937500000000000000e+01
5.943750000000000000e+01
5.950000000000000000e+01
5.956250000000000000e+01
5.962500000000000000e+01
5.968750000000000000e+01
5.975000000000000000e+01
5.981250000000000000e+01
5.987500000000000000e+01
5.993750000000000000e+01
6.000000000000000000e+01
6.006250000000000000e+01
6.012500000000000000e+01
6.018750000000000000e+01
6.025000000000000000e+01
6.031250000000000000e+01
6.037500000000000000e+01
6.043750000000000000e+01
6.050000000000000000e+01
6.056250000000000000e+01
6.062500000000000000e+01
6.068750000000000000e+01
6.075000000000000000e+01
6.081250000000000000e+01
6.087500000000000000e+01
6.093750000000000000e+01
6.100000000000000000e+01
6.106250000000000000e+01
6.112500000000000000e+01
6.118750000000000000e+01
6.125000000000000000e+01
6.131250000000000000e+01
6.137500000000000000e+01
6.143750000000000000e+01
6.150000000000000000e+01
6.156250000000000000e+01
6.162500000000000000e+01
6.168750000000000000e+01
6.175000000000000000e+01
6.181250000000000000e+01
6.187500000000000000e+01
6.193750000000000000e+01
6.200000000000000000e+01
6.206250000000000000e+01
6.212500000000000000e+01
6.218750000000000000e+01
6.225000000000000000e+01
6.231250000000000000e+01
6.237500000000000000e+01
6.243750000000000000e+01
6.250000000000000000e+01
6.256250000000000000e+01
6.262500000000000000e+01
6.268750000000000000e+01
6.275000000000000000e+01
6.281250000000000000e+01
6.287500000000000000e+01
6.293750000000000000e+01
6.300000000000000000e+01
6.306250000000000000e+01
6.312500000000000000e+01
6.318750000000000000e+01
6.325000000000000000e+01
6.331250000000000000e+01
6.337500000000000000e+01
6.343750000000000000e+01
6.350000000000000000e+01
6.356250000000000000e+01
6.362500000000000000e+01
6.368750000000000000e+01
6.375000000000000000e+01
6.381250000000000000e+01
6.387500000000000000e+01
6.395312500000000000e+01
6.403125000000000000e+01
6.410937500000000000e+01
6.418750000000000000e+01
6.426562500000000000e+01
6.434375000000000000e+01
6.442187500000000000e+01
6.450000000000000000e+01
6.457812500000000000e+01
6.465625000000000000e+01
6.473437500000000000e+01
6.481250000000000000e+01
6.489062500000000000e+01
6.496875000000000000e+01
6.504687500000000000e+01
6.512500000000000000e+01
6.520312500000000000e+01
6.528125000000000000e+01
6.535937500000000000e+01
6.543750000000000000e+01
6.551562500000000000e+01
6.559375000000000000e+01
6.567187500000000000e+01
6.575000000000000000e+01
6.582812500000000000e+01
6.590625000000000000e+01
6.598437500000000000e+01
6.606250000000000000e+01
6.614062500000000000e+01
6.621875000000000000e+01
6.629687500000000000e+01
6.637500000000000000e+01
6.645312500000000000e+01
6.653125000000000000e+01
6.660937500000000000e+01
6.668750000000000000e+01
6.676562500000000000e+01
6.684375000000000000e+01
6.692187500000000000e+01
6.700000000000000000e+01
6.707812500000000000e+01
6.715625000000000000e+01
6.723437500000000000e+01
6.731250000000000000e+01
6.739062500000000000e+01
6.746875000000000000e+01
6.754687500000000000e+01
6.762500000000000000e+01
6.770312500000000000e+01
6.778125000000000000e+01
6.785937500000000000e+01
6.793750000000000000e+01
6.801562500000000000e+01
6.809375000000000000e+01
6.817187500000000000e+01
6.825000000000000000e+01
6.832812500000000000e+01
6.840625000000000000e+01
6.850000000000000000e+01
6.859375000000000000e+01
6.868750000000000000e+01
6.878125000000000000e+01
6.887500000000000000e+01
6.896875000000000000e+01
6.906250000000000000e+01
6.915625000000000000e+01
6.925000000000000000e+01
6.934375000000000000e+01
6.943750000000000000e+01
6.953125000000000000e+01
6.962500000000000000e+01
6.971875000000000000e+01
6.981250000000000000e+01
6.990625000000000000e+01
7.000000000000000000e+01
7.009375000000000000e+01
7.018750000000000000e+01
7.028125000000000000e+01
7.037500000000000000e+01
7.046875000000000000e+01
7.056250000000000000e+01
7.065625000000000000e+01
7.075000000000000000e+01
7.084375000000000000e+01
7.093750000000000000e+01
7.103125000000000000e+01
7.112500000000000000e+01
7.121875000000000000e+01
7.131250000000000000e+01
7.140625000000000000e+01
7.150000000000000000e+01
7.159375000000000000e+01
7.168750000000000000e+01
7.178125000000000000e+01
7.187500000000000000e+01
7.196875000000000000e+01
7.206250000000000000e+01
7.215625000000000000e+01
7.225000000000000000e+01
7.234375000000000000e+01
7.243750000000000000e+01
7.253125000000000000e+01
7.264062500000000000e+01
7.275000000000000000e+01
7.285937500000000000e+01
7.296875000000000000e+01
7.307812500000000000e+01
7.318750000000000000e+01
7.329687500000000000e+01
7.340625000000000000e+01
7.351562500000000000e+01
7.362500000000000000e+01
7.373437500000000000e+01
7.384375000000000000e+01
7.395312500000000000e+01
7.406250000000000000e+01
7.417187500000000000e+01
7.428125000000000000e+01
7.439062500000000000e+01
7.450000000000000000e+01
7.460937500000000000e+01
7.471875000000000000e+01
7.482812500000000000e+01
7.493750000000000000e+01
7.504687500000000000e+01
7.515625000000000000e+01
7.526562500000000000e+01
7.537500000000000000e+01
7.548437500000000000e+01
7.559375000000000000e+01
7.570312500000000000e+01
7.581250000000000000e+01
7.592187500000000000e+01
7.603125000000000000e+01
7.614062500000000000e+01
7.625000000000000000e+01
7.637500000000000000e+01
7.650000000000000000e+01
7.662500000000000000e+01
7.675000000000000000e+01
7.687500000000000000e+01
7.700000000000000000e+01
7.712500000000000000e+01
7.725000000000000000e+01
7.737500000000000000e+01
7.750000000000000000e+01
7.762500000000000000e+01
7.775000000000000000e+01
7.787500000000000000e+01
7.800000000000000000e+01
7.812500000000000000e+01
7.825000000000000000e+01
7.837500000000000000e+01
7.850000000000000000e+01
7.862500000000000000e+01
7.875000000000000000e+01
7.887500000000000000e+01
7.900000000000000000e+01
7.912500000000000000e+01
7.925000000000000000e+01
7.937500000000000000e+01
7.950000000000000000e+01
7.962500000000000000e+01
7.975000000000000000e+01
7.989062500000000000e+01
8.003125000000000000e+01
8.017187500000000000e+01
8.031250000000000000e+01
8.045312500000000000e+01
8.059375000000000000e+01
8.073437500000000000e+01
8.087500000000000000e+01
8.101562500000000000e+01
8.115625000000000000e+01
8.129687500000000000e+01
8.143750000000000000e+01
8.157812500000000000e+01
8.171875000000000000e+01
8.185937500000000000e+01
8.200000000000000000e+01
8.214062500000000000e+01
8.228125000000000000e+01
8.242187500000000000e+01
8.256250000000000000e+01
8.270312500000000000e+01
8.284375000000000000e+01
8.300000000000000000e+01
8.315625000000000000e+01
8.331250000000000000e+01
8.346875000000000000e+01
8.362500000000000000e+01
8.378125000000000000e+01
8.393750000000000000e+01
8.409375000000000000e+01
8.425000000000000000e+01
8.440625000000000000e+01
8.456250000000000000e+01
8.471875000000000000e+01
8.487500000000000000e+01
8.503125000000000000e+01
8.518750000000000000e+01
8.534375000000000000e+01
8.550000000000000000e+01
8.565625000000000000e+01
8.581250000000000000e+01
8.596875000000000000e+01
8.614062500000000000e+01
8.631250000000000000e+01
8.648437500000000000e+01
8.665625000000000000e+01
8.682812500000000000e+01
8.700000000000000000e+01
8.717187500000000000e+01
8.734375000000000000e+01
8.751562500000000000e+01
8.768750000000000000e+01
8.785937500000000000e+01
8.803125000000000000e+01
8.820312500000000000e+01
8.837500000000000000e+01
8.854687500000000000e+01
8.871875000000000000e+01
8.890625000000000000e+01
8.909375000000000000e+01
8.928125000000000000e+01
8.946875000000000000e+01
8.965625000000000000e+01
8.984375000000000000e+01
9.003125000000000000e+01
9.021875000000000000e+01
9.040625000000000000e+01
9.059375000000000000e+01
9.078125000000000000e+01
9.096875000000000000e+01
9.115625000000000000e+01
9.134375000000000000e+01
9.153125000000000000e+01
9.173437500000000000e+01
9.193750000000000000e+01
9.214062500000000000e+01
9.234375000000000000e+01
9.254687500000000000e+01
9.275000000000000000e+01
9.295312500000000000e+01
9.315625000000000000e+01
9.335937500000000000e+01
9.356250000000000000e+01
9.376562500000000000e+01
9.396875000000000000e+01
9.418750000000000000e+01
9.440625000000000000e+01
9.462500000000000000e+01
9.484375000000000000e+01
9.506250000000000000e+01
9.528125000000000000e+01
9.550000000000000000e+01
9.571875000000000000e+01
9.593750000000000000e+01
9.615625000000000000e+01
9.637500000000000000e+01
9.659375000000000000e+01
9.682812500000000000e+01
9.706250000000000000e+01
9.729687500000000000e+01
9.753125000000000000e+01
9.776562500000000000e+01
9.800000000000000000e+01
9.823437500000000000e+01
9.846875000000000000e+01
9.870312500000000000e+01
9.893750000000000000e+01
9.918750000000000000e+01
9.943750000000000000e+01
9.968750000000000000e+01
9.993750000000000000e+01
1.001875000000000000e+02
1.004375000000000000e+02
1.006875000000000000e+02
1.009375000000000000e+02
1.011875000000000000e+02
1.014531250000000000e+02
1.017187500000000000e+02
1.019843750000000000e+02
1.022500000000000000e+02
1.025156250000000000e+02
1.027812500000000000e+02
1.030468750000000000e+02
1.033125000000000000e+02
1.035937500000000000e+02
1.038750000000000000e+02
1.041562500000000000e+02
1.044375000000000000e+02
1.047187500000000000e+02
1.050000000000000000e+02
1.052812500000000000e+02
1.055625000000000000e+02
1.058593750000000000e+02
1.061562500000000000e+02
1.064531250000000000e+02
1.067500000000000000e+02
1.070468750000000000e+02
1.073437500000000000e+02
1.076406250000000000e+02
1.079531250000000000e+02
1.082656250000000000e+02
1.085781250000000000e+02
1.088906250000000000e+02
1.092031250000000000e+02
1.095156250000000000e+02
1.098437500000000000e+02
1.101718750000000000e+02
1.105000000000000000e+02
1.108281250000000000e+02
1.111562500000000000e+02
1.114843750000000000e+02
1.118281250000000000e+02
1.121718750000000000e+02
1.125156250000000000e+02
1.128593750000000000e+02
1.132031250000000000e+02
1.135625000000000000e+02
1.139218750000000000e+02
1.142812500000000000e+02
1.146406250000000000e+02
1.150000000000000000e+02
1.153750000000000000e+02
1.157500000000000000e+02
1.161250000000000000e+02
1.165000000000000000e+02
1.168750000000000000e+02
1.172656250000000000e+02
1.176562500000000000e+02
1.180468750000000000e+02
1.184375000000000000e+02
1.188437500000000000e+02
1.192500000000000000e+02
1.196562500000000000e+02
1.200625000000000000e+02
1.204687500000000000e+02
1.208906250000000000e+02
1.213125000000000000e+02
1.217343750000000000e+02
1.221562500000000000e+02
1.225937500000000000e+02
1.230312500000000000e+02
1.234687500000000000e+02
1.239218750000000000e+02
1.243750000000000000e+02
1.248281250000000000e+02
1.252812500000000000e+02
1.257500000000000000e+02
1.262187500000000000e+02
1.266875000000000000e+02
1.271718750000000000e+02
1.276562500000000000e+02
1.281406250000000000e+02
1.286406250000000000e+02
1.291406250000000000e+02
1.296406250000000000e+02
1.301562500000000000e+02
1.306718750000000000e+02
1.311875000000000000e+02
1.317187500000000000e+02
1.322500000000000000e+02
1.327812500000000000e+02
1.333281250000000000e+02
1.338750000000000000e+02
1.344375000000000000e+02
1.350000000000000000e+02
1.355625000000000000e+02
1.361406250000000000e+02
1.367187500000000000e+02
1.373125000000000000e+02
1.379062500000000000e+02
1.385156250000000000e+02
1.391250000000000000e+02
1.397500000000000000e+02
1.403750000000000000e+02
1.410156250000000000e+02
1.416562500000000000e+02
1.423125000000000000e+02
1.429687500000000000e+02
1.436406250000000000e+02
1.443125000000000000e+02
1.450000000000000000e+02
1.456875000000000000e+02
1.463906250000000000e+02
1.470937500000000000e+02
1.478125000000000000e+02
1.485468750000000000e+02
1.492812500000000000e+02
1.500312500000000000e+02
1.507968750000000000e+02
1.515625000000000000e+02
1.523437500000000000e+02
1.531406250000000000e+02
1.539375000000000000e+02
1.547500000000000000e+02
1.555781250000000000e+02
1.564218750000000000e+02
1.572656250000000000e+02
1.581250000000000000e+02
1.590000000000000000e+02
1.598906250000000000e+02
1.607968750000000000e+02
1.617187500000000000e+02
1.626562500000000000e+02
1.635937500000000000e+02
1.645468750000000000e+02
1.655156250000000000e+02
1.665000000000000000e+02
1.675000000000000000e+02
1.685312500000000000e+02
1.695781250000000000e+02
1.706406250000000000e+02
1.717187500000000000e+02
1.728125000000000000e+02
1.739218750000000000e+02
1.750625000000000000e+02
1.762187500000000000e+02
1.773906250000000000e+02
1.785937500000000000e+02
1.798125000000000000e+02
1.810468750000000000e+02
1.823125000000000000e+02
1.836093750000000000e+02
1.849218750000000000e+02
1.862656250000000000e+02
1.876250000000000000e+02
1.890156250000000000e+02
1.904375000000000000e+02
1.918906250000000000e+02
1.933750000000000000e+02
1.948906250000000000e+02
1.964375000000000000e+02
1.980156250000000000e+02
1.996250000000000000e+02
2.012812500000000000e+02
2.029687500000000000e+02
2.047031250000000000e+02
2.064687500000000000e+02
2.082812500000000000e+02
2.101406250000000000e+02
2.120468750000000000e+02
2.140000000000000000e+02
2.160000000000000000e+02
2.180468750000000000e+02
2.201562500000000000e+02
2.223125000000000000e+02
2.245312500000000000e+02
2.268125000000000000e+02
2.291562500000000000e+02
2.315625000000000000e+02
2.340468750000000000e+02
2.365937500000000000e+02
2.392187500000000000e+02
2.419375000000000000e+02
2.447343750000000000e+02
2.476250000000000000e+02
2.506093750000000000e+02
2.536875000000000000e+02
2.568750000000000000e+02
2.601718750000000000e+02
2.635937500000000000e+02
2.671406250000000000e+02
2.708281250000000000e+02
2.746562500000000000e+02
2.786250000000000000e+02
2.827656250000000000e+02
2.870781250000000000e+02
2.915781250000000000e+02
2.962812500000000000e+02
3.011875000000000000e+02
3.063281250000000000e+02
3.117187500000000000e+02
3.173906250000000000e+02
3.233593750000000000e+02
3.296406250000000000e+02
3.362812500000000000e+02
3.433125000000000000e+02
3.507656250000000000e+02
3.587031250000000000e+02
3.671562500000000000e+02
3.762031250000000000e+02
3.859062500000000000e+02
3.963593750000000000e+02
4.076718750000000000e+02
4.199687500000000000e+02
4.334062500000000000e+02
4.481718750000000000e+02
4.645156250000000000e+02
4.827656250000000000e+02
5.033281250000000000e+02
5.267968750000000000e+02
5.540000000000000000e+02
5.861406250000000000e+02
6.251718750000000000e+02
6.744062500000000000e+02
7.404062500000000000e+02
8.392812500000000000e+02
1.024000000000000000e+03
